Numero de qubits: 100 
Layer   Energy  var(Energy)  
0 -78.24542172727578 
0 17.83273961849482 
0 -54.28891489080878 
0 38.591851818535716 
0 -38.29964100851422 
0 65.83897830403471 
0 102.49091265332827 
0 -81.47832202074969 
0 9.808172435529697 
0 -14.452045262473042 
1  -1002.4626721560502  0.00776383998775649
2  -1002.4765175025502  3.5843647730396394e-6
3  -1002.4765193479576  6.456605456252335e-9
4  -1002.4765193502162  1.407606500768565e-12
5  -1002.4765193502166  1.8394797343881583e-12
Numero de qubits: 200 
Layer   Energy  var(Energy)  
0 577.0139630093946 
0 -42.59221176865641 
0 -506.43712304320746 
0 -588.9397409868625 
0 -88.68398705616279 
0 -135.36728287666708 
0 920.7229668992543 
0 495.8530181565721 
0 -138.3927132951007 
0 613.922267972395 
1  -10002.456758375356  0.02945972899722259
2  -10002.481511303264  2.3133618719019602e-5
3  -10002.481519963883  3.6669678973124085e-8
4  -10002.481519976292  5.360929322658749e-11
5  -10002.481519976294  3.223770651910002e-11
Numero de qubits: 300 
Layer   Energy  var(Energy)  
0 -3370.808496537679 
0 4372.49987979337 
0 -1930.9902289073075 
0 -1770.2193217872245 
0 -14310.162255063167 
0 -5186.7171538711455 
0 7809.885238281811 
0 -5839.397180898952 
0 -11904.481209247118 
0 1691.1945325228357 
1  -101002.39855705283  0.14779672056274204
2  -101002.50869318754  4.222017131887527e-5
3  -101002.50871768655  2.6999462222790685e-7
4  -101002.5087177819  7.110364198776392e-10
5  -101002.50871778194  2.7017228619834297e-10
Numero de qubits: 400 
Layer   Energy  var(Energy)  
0 -48105.614691707386 
0 -22975.139919570178 
0 47247.839875245234 
0 68270.52010099139 
0 102503.99591198943 
0 101002.79830358268 
0 93429.8571230507 
0 6006.806389167375 
0 41773.75471790744 
0 -133209.6442377953 
1  -1.0100024886603378e6  0.01622797479317364
2  -1.0100025087638849e6  3.8405088667604176e-6
3  -1.0100025087677815e6  9.810918082450157e-9
4  -1.0100025087677917e6  4.5458655289805606e-9
5  -1.0100025087677899e6  2.5065816542760977e-9
Numero de qubits: 500 
Layer   Energy  var(Energy)  
0 539392.8599144194 
0 -248236.4108800634 
0 -781305.1529723237 
0 -214569.1448578099 
0 -752487.0794592476 
0 363023.5452664957 
0 501850.7949041172 
0 -1.591886401391397e6 
0 716961.3332400311 
0 1.145639173718583e6 
1  -1.010100249520212e7  0.010908163382646071
2  -1.0101002509038666e7  1.9554510617745553e-6
3  -1.0101002509039968e7  6.06347502261306e-8
4  -1.0101002509039994e7  2.597705587927504e-8
5  -1.010100250904001e7  4.7136332356591923e-8
