Gamma, E, varE, T, varT, S, varS, dimension, vardimension 
0.0 -2.5000000000000004 -8.881784197001252e-16 0.10327350499999999 0.003866330746094479 0.04751823555341032 0.022191364848382508 2.0 0.0
0.05 -2.506253916054715 -1.7763568394002505e-15 0.11385839000000002 0.0001295314535078966 0.255483956317857 0.05609426072912414 11.4 1.039999999999992
0.1 -2.525063135295599 0.0 0.12492091000000001 0.0006668350578048973 0.2128645780871521 0.03413922931478569 11.8 0.45999999999997954
0.15 -2.556573796002652 1.5987211554602254e-14 0.14432800999999998 4.7622532698902986e-5 0.21327851996703262 0.05215705027941021 18.2 3.160000000000025
0.2 -2.601043261016111 6.484590642230614e-12 0.15490953000000002 0.0002488275367430945 0.26356260356010586 0.06629071355816048 22.35 1.027499999999975
0.25 -2.658874414633564 4.162394873219455e-10 0.15910958 0.0002490824546976002 0.28593443917185185 0.08162401701177678 28.4 4.340000000000032
0.3 -2.730743127843218 1.3254886965796686e-8 0.16046448000000002 0.00022363734943659647 0.4933464117803924 0.05970180736383593 30.85 0.8274999999998727
0.35 -2.8180535323996643 2.6847857270695386e-11 0.15592945500000002 0.0003075613408704686 0.7140255714091899 1.7850826319776303e-5 30.45 1.1475000000000364
0.4 -2.9227339280299773 1.7763568394002505e-15 0.14336828999999998 0.0001357288998689067 0.7266721807809595 8.246736626915663e-13 28.4 2.6400000000001
0.45 -3.0479672440540275 1.7763568394002505e-15 0.15574600499999997 0.0003364640201804839 0.7198429893338949 1.1102230246251565e-16 26.05 0.047499999999899956
0.5 -3.196226610749825 3.552713678800501e-15 0.13449839999999996 5.4645300185007795e-5 0.6720147574190415 1.6653345369377348e-16 27.0 0.0
0.55 -3.366524597613723 -7.105427357601002e-15 0.130852645 0.00012322077834147835 0.5875212465773462 -5.551115123125783e-17 27.0 0.0
0.6 -3.554437630910879 -1.7763568394002505e-15 0.124961575 7.307141263287673e-5 0.4966787281624653 -2.7755575615628914e-17 27.0 0.0
0.65 -3.7550393758126255 0.0 0.12765077 0.00017180606187810338 0.41900179477261795 -2.7755575615628914e-17 26.0 0.0
0.7 -3.9646284214464464 0.0 0.12297412 4.150193790859562e-5 0.35769014290643364 5.551115123125783e-17 26.0 0.0
0.75 -4.180756228487111 -3.552713678800501e-15 0.14272798 0.0007597738978535988 0.3098661635084959 1.3877787807814457e-17 25.0 0.0
0.8 -4.401817644248028 1.0658141036401503e-14 0.149829795 0.0005017557153074795 0.2720738984544232 2.7755575615628914e-17 24.0 0.0
0.85 -4.6267250973524146 -7.105427357601002e-15 0.14495930499999995 0.0004946312772954944 0.24162369858291105 1.3877787807814457e-17 24.0 0.0
0.9 -4.85471071890464 7.105427357601002e-15 0.13136503000000002 0.00015863451738009834 0.21661658362789565 1.3877787807814457e-17 23.0 0.0
0.95 -5.085211637765201 3.552713678800501e-15 0.13098569 0.00020251925865890155 0.1957318942323321 0.0 22.0 0.0
1.0 -5.3178022046739795 -3.552713678800501e-15 0.12755911000000003 1.8833666400892152e-5 0.17803951899703646 0.0 21.0 0.0
1.05 -5.55215233463805 -1.7763568394002505e-14 0.13233098000000001 0.00014586428053559378 0.1628700524941481 0.0 21.0 0.0
1.1 -5.788000781700346 2.1316282072803006e-14 0.12675530000000002 6.934322823799743e-5 0.149730315664571 3.469446951953614e-18 21.0 0.0
1.15 -6.025137296792992 2.1316282072803006e-14 0.12801799499999994 0.0002602049990354932 0.13824880045634075 3.469446951953614e-18 20.0 0.0
1.2 -6.263390294515139 7.105427357601002e-15 0.12282539499999998 9.651970740648386e-5 0.12813999207296672 -3.469446951953614e-18 19.0 0.0
1.25 -6.50261807208642 -2.1316282072803006e-14 0.12291101499999998 9.972598483227839e-5 0.11918055625132642 -5.204170427930421e-18 19.0 0.0
1.3 -6.742702399609309 -7.105427357601002e-15 0.11809695500000002 6.518372356146933e-5 0.1111930795576845 -5.204170427930421e-18 19.0 0.0
1.35 -6.983543741752778 -2.1316282072803006e-14 0.12280086000000001 8.862195761439977e-5 0.10403471254662193 6.938893903907228e-18 19.0 0.0
1.4 -7.225057631267814 0.0 0.11472829999999998 1.7129447521005772e-5 0.09758906591206136 -1.734723475976807e-18 19.0 0.0
1.45 -7.467171873999118 1.4210854715202004e-14 0.12073534000000001 7.474714233339855e-5 0.09176031312294626 5.204170427930421e-18 19.0 0.0
1.5 -7.709824365739323 1.4210854715202004e-14 0.1159647 6.262206292299843e-5 0.08646882172078614 -5.204170427930421e-18 18.0 0.0
1.55 -7.952961366827813 7.105427357601002e-15 0.12246506500000001 0.00015808341261427244 0.08164786481931186 -8.673617379884035e-19 18.0 0.0
1.6 -8.196536124210422 1.4210854715202004e-14 0.11729682999999998 9.318834482810456e-5 0.07724110989243968 -8.673617379884035e-19 17.0 0.0
1.65 -8.440507760644016 4.263256414560601e-14 0.117138725 0.00021972160630787455 0.0732006762343144 -8.673617379884035e-19 16.0 0.0
1.7 -8.684840371649097 -2.842170943040401e-14 0.11528222000000002 3.574689592559556e-5 0.0694856147546947 0.0 16.0 0.0
1.75 -8.929502285680202 2.842170943040401e-14 0.11477235999999998 4.758662013840814e-5 0.06606070574025129 1.734723475976807e-18 16.0 0.0
1.8 -9.174465453721952 2.842170943040401e-14 0.11743918000000002 0.0001340923806305988 0.06289549898492214 1.734723475976807e-18 16.0 0.0
1.85 -9.419704942383309 5.684341886080802e-14 0.11477914999999998 7.11587206745027e-5 0.05996354075296021 -8.673617379884035e-19 16.0 0.0
1.9 -9.665198510399199 1.4210854715202004e-14 0.11822039499999999 0.00010073601096647657 0.05724174625034049 0.0 16.0 0.0
1.95 -9.910926252829062 0.0 0.11349575 4.682072863149839e-5 0.05470988648800307 -1.734723475976807e-18 16.0 0.0
2.0 -10.156870300565146 -1.4210854715202004e-14 0.115865105 7.157339827047228e-5 0.052350165852606836 -4.336808689942018e-19 16.0 0.0
