Numero de qubits: 20 
Layer   Time var(Time)
1  0.014140595  0.005173681422592137
2  0.01335046  0.004653753741916304
3  0.013428455  0.0036188404106115256
4  0.020625499999999998  0.014746498832909459
5  0.018476120000000002  0.0044849130061351255
6  0.04941778000000001  0.07294899085694469
7  0.10468658  0.012233118516780585
8  0.279159565  0.019525033404203827
9  1.1467633149999998  0.10910244806100948
10  3.111540025000001  0.24578554769212096
11  7.429454894999999  0.2455759492423545
12  5.078928910000001  0.2690050352711579
Total= 17.279972199999996
Varianza= 0.8223937950523217

Numero de qubits: 21 
Layer   Time var(Time)
1  0.030011669999999997  0.06890710196152572
2  0.013211234999999997  0.003037722532305247
3  0.01887788  0.018572607267602466
4  0.015469960000000001  0.0064242937177093635
5  0.03525108500000001  0.05159035918335202
6  0.070659975  0.09577621532175865
7  0.139909655  0.1107664103571948
8  0.30254463499999995  0.028674435673021973
9  1.15236527  0.13730105154702968
10  3.8896416849999995  1.87531694442927
11  9.471023705  1.2708773788426113
12  12.330469595  0.5780824275575004
Total= 27.469436350000002
Varianza= 3.6068120509057042

