Numero de qubits: 20 
Layer   Time var(Time)
1  0.01704603  0.0036762065458975507
2  0.016879250000000002  0.00599037370057161
3  0.018320695  0.00656096134537272
4  0.017764195000000003  0.004338863118084621
5  0.10373474499999999  0.0841195904625342
6  0.118638965  0.05282560854844244
7  0.343445815  0.14398834924948364
8  1.05569862  0.44597382845241895
9  2.674175915  0.6002008700235308
10  6.319689470000002  0.8785559953274423
11  13.41903038  2.2690652129920545
Total= 24.10442408
Varianza= 3.7085577146475783

Numero de qubits: 21 
Layer   Time var(Time)
1  0.033108540000000006  0.07780184448826002
2  0.015984114999999997  0.007714933535052328
3  0.014296714999999993  0.003079258901306449
4  0.032375495  0.07249008976220457
5  0.021208445  0.0054395870499951565
6  0.038635965  0.0076430384800990625
7  0.11935197499999999  0.010089982726391306
8  0.309731665  0.016023610079138693
9  1.2676931500000002  0.10217866462932709
10  3.593442465  0.10065544078196306
11  9.15384155  0.31185667218418367
Total= 14.599670080000001
Varianza= 0.37714775568114645

