Numero de qubits: 20 
Layer   Time var(Time)
1  0.05796734499999999  0.16935992786290824
2  0.035999134999999995  0.07280619100578105
3  0.01939748  0.005024510231415595
4  0.022646974999999996  0.007532279178168784
5  0.05255343999999999  0.07067286147854351
6  0.073576295  0.04579998703800554
7  0.188334375  0.14458094032160973
8  0.44231643499999995  0.1057963258146202
9  1.8807052100000008  0.29529294368122966
10  4.8402445499999995  0.23434045260564276
Total= 7.613741239999999
Varianza= 0.5606438999083647

Numero de qubits: 21 
Layer   Time var(Time)
1  0.020371455  0.004924751293667022
2  0.040178610000000003  0.07167650976942097
3  0.028858314999999995  0.02096428630548331
4  0.03112086  0.020817374410318897
5  0.04931381999999999  0.05090578626268923
6  0.07137450000000001  0.04927676228652812
7  0.16546639  0.12015140577481355
8  0.5129254  0.11648642832180924
9  2.074972775  0.22760049407115723
10  5.560866675000001  0.2987718030753452
Total= 8.5554488
Varianza= 0.43417220982477467

