Numero de qubits: 100 
Dimension: 100 
Sweep   Time var(Time)
1  3.9217705441  4.538953837882574
2  2.3654592909999996  0.09218097315911196
3  2.3312429398  0.06425886135812217
4  2.2616904651  0.05230878731302068
5  2.1995948551000004  0.09316215286417544
6  2.1857829797  0.10215464497277782
7  2.1776942630000002  0.07841847241612422
8  2.1665770014999994  0.11230192152418952
9  2.0135370261000003  0.1023739859354329
10  1.9683804246999999  0.15050620236886503
Total= 23.591729790099997
Varianza= 5.3658507403164295

Numero de qubits: 100 
Dimension: 200 
Sweep   Time var(Time)
1  8.2477844141  0.19553195329167394
2  8.0636195203  0.07007704241910603
3  7.890080962800001  0.20140875304928915
4  7.6782425426000005  0.19476506478240083
5  7.4006736308  0.3120004864358264
6  7.212099383  0.4241573336272221
7  7.055954782300001  0.4746576256502865
8  6.9013156964  0.665693688188905
9  6.5331622927  0.913522344989955
10  6.2036976476  1.1289938476015282
Total= 73.18663087260002
Varianza= 4.5760408909017

Numero de qubits: 100 
Dimension: 300 
Sweep   Time var(Time)
1  18.648834712299998  0.25070021158407874
2  17.965757905700002  0.2664578731133293
3  17.362876584600002  0.44535480157571583
4  16.4834593106  1.0206736451847598
5  15.510504814099999  1.6710006361277636
6  14.564134178499998  1.918964531103899
7  13.3374996474  2.1810833293744842
8  11.913716148999999  2.129014340281667
9  10.4204370467  2.1252435628928295
10  8.8279881078  2.2811954578815987
Total= 145.03520845670008
Varianza= 13.79152206262082

Numero de qubits: 100 
Dimension: 400 
Sweep   Time var(Time)
1  32.407530888299995  0.3972720459817165
2  31.0493959313  0.3308467022738026
3  29.691704514100003  1.836844941190879
4  27.1039426741  4.484513551703573
5  24.6757449552  5.374758574644389
6  22.42864842  5.483659973256408
7  20.4918767787  5.588466765192929
8  19.0452963677  5.811911597925359
9  17.600000884  6.015206232483688
10  15.930747480300003  6.21336905912686
Total= 240.4248888937001
Varianza= 43.04824767796944

Numero de qubits: 100 
Dimension: 500 
Sweep   Time var(Time)
1  49.179342562799995  0.36738912648623157
2  46.6003835967  1.1214539093922207
3  42.73394079479999  4.024003604824249
4  36.327755533499996  7.661442984113535
5  29.502180988599996  8.383563509903412
6  24.1728045571  7.51764241069021
7  20.384203397900002  6.656663038892901
8  17.1562486823  6.143541368571091
9  14.173573336100002  5.9737384331542716
10  11.7146431134  5.980438861463424
Total= 291.9450765632
Varianza= 52.91549551204964

Numero de qubits: 100 
Dimension: 600 
Sweep   Time var(Time)
1  71.1899280617  0.9333407363853214
2  65.85232407410001  2.4855600616328593
3  58.5204119111  11.642766505571112
4  51.203867422500004  17.64251354474523
5  45.6497644855  18.302111773679474
6  40.5808340273  18.180505411825717
7  36.0740487742  17.663796404900314
8  31.8590681373  16.88264059814656
9  28.223525252499996  16.338183890860698
10  24.635551540599998  15.684478939047953
Total= 453.78932368680006
Varianza= 143.85319967064288

Numero de qubits: 100 
Dimension: 700 
Sweep   Time var(Time)
1  97.31905360270001  1.1503956812002796
2  89.2041845166  3.5183295319749517
3  81.6737140627  11.872125141904915
4  74.73205726020001  16.99684402230033
5  68.0048468582  18.923750458088858
6  61.07960221510001  18.10762658949049
7  53.667626381299996  17.13133028963313
8  47.4239538294  16.917984755000663
9  42.0361907512  17.182415109975395
10  37.2175451669  17.169781480907062
Total= 652.3587746443002
Varianza= 144.15769448527604

Numero de qubits: 100 
Dimension: 800 
Sweep   Time var(Time)
1  127.0348131685  1.4291425263420103
2  116.819726494  3.950791426073762
3  101.15795826979999  16.51630603293134
4  82.21709354539999  26.152192630780053
5  68.21830388779999  27.421022451397516
6  60.03952864490001  27.403854902086426
7  53.0530019575  26.00763034435624
8  46.7908698673  25.542849390465445
9  41.48847929470001  25.54356937609876
10  37.2982198492  25.599698952168346
Total= 734.1179949791001
Varianza= 214.57422196768547

Numero de qubits: 100 
Dimension: 900 
Sweep   Time var(Time)
1  158.29868708229998  2.0846079954986827
2  143.9315442718  6.675175286036773
3  123.19226283790002  27.21967588984402
4  102.22461402810002  37.66098439233333
5  84.5632403681  36.73379151750814
6  71.2862973688  37.05085696199191
7  62.24603850479999  37.42056009200417
8  55.93285874710001  37.19347501583451
9  50.810382685499995  36.279327099035065
10  45.891502183300005  34.558537143532845
Total= 898.3774280776997
Varianza= 302.56043247827586

Numero de qubits: 100 
Dimension: 1000 
Sweep   Time var(Time)
1  201.96263449550003  2.246467391825493
2  175.0919226895  13.911193397406254
3  136.33217071029998  41.57520616561324
4  111.01414451619999  52.93654755868423
5  95.1323034243  54.88263542462249
6  83.2872784001  53.083119997921976
7  73.2827399233  51.39342599982754
8  65.6852783656  50.36737203204658
9  59.0258532445  48.401545270191946
10  52.9918770526  46.10646506819503
Total= 1053.8062028219003
Varianza= 444.49613652344567

