Numero de qubits: 20 
Layer   Time var(Time)
1  0.048905430599999994  0.13686735894057583
2  0.01085530375  0.02858589890552988
3  0.0049146365499999995  0.0010115158417321737
4  0.014624683599999997  0.029270530326320154
5  0.00815083505  0.00215830235067322
6  0.033402041400000006  0.039930009274525544
7  0.07490991044999999  0.05343814795525403
8  0.1297766758  0.03408264575797807
9  0.48815118060000007  0.05617412978445483
10  1.26016423955  0.010313225447906626
Total= 2.07385493735
Varianza= 0.1662806611544658

Numero de qubits: 21 
Layer   Time var(Time)
1  0.0047747416  0.000177690905230234
2  0.004437374199999999  0.0003697916133778049
3  0.004699274099999999  0.00038922582633259327
4  0.005639719150000001  0.0007352617273865325
5  0.00751194605  0.0005032487688394751
6  0.013986618850000002  0.0006523971161899997
7  0.0666605279  0.04509140267183918
8  0.14001986840000002  0.039063854303108665
9  0.5236508599  0.04355883914664974
10  1.36138806165  0.014378764810499343
Total= 2.1327689918
Varianza= 0.07562878840537508

Numero de qubits: 22 
Layer   Time var(Time)
1  0.00504561725  0.0003466642521917821
2  0.005266684249999999  0.0006954501718888187
3  0.005448090099999999  0.0005907671155100713
4  0.006744015250000001  0.0008735274071651601
5  0.00848696725  0.0008458537736776301
6  0.02697053390000001  0.016520097209488407
7  0.10931788039999998  0.05065490872281564
8  0.19268000629999998  0.06217019050196966
9  0.6325163188500001  0.0059342340141539185
10  1.8910147509000002  0.06086572330875976
Total= 2.8834908644500006
Varianza= 0.10284222880729403

Numero de qubits: 23 
Layer   Time var(Time)
1  0.005172083649999999  0.00017208885001105526
2  0.00481984845  0.0002546115902203738
3  0.0051345874000000005  0.00036712511716871125
4  0.005903896300000001  0.0004283735636151115
5  0.008277760850000001  0.0004963310997074709
6  0.016818900799999998  0.0010831779685664589
7  0.062289231050000005  0.005173208327398573
8  0.15569115954999999  0.004935545785687975
9  0.6663372892000001  0.005006780117820657
10  2.0364346076  0.0158193530622039
Total= 2.9668793648500005
Varianza= 0.01778340521367746

Numero de qubits: 24 
Layer   Time var(Time)
1  0.0054803944  0.00012387983017238924
2  0.00509683925  0.000230142248688257
3  0.00535187185  0.0002292747428755019
4  0.00616148495  0.00027805232312380976
5  0.008747260850000002  0.0004578613481189775
6  0.017962289300000003  0.0006722840178313848
7  0.06717651295000002  0.006406604555942806
8  0.18323274130000006  0.005634698597760134
9  0.7631767816999999  0.003998524445763386
10  2.5944785840499995  0.01880280339815264
Total= 3.6568647606
Varianza= 0.02178593568484531

Numero de qubits: 25 
Layer   Time var(Time)
1  0.005742929200000001  0.00018418266837588168
2  0.01877127805  0.03936925143142845
3  0.0057554067  0.0005008976590235875
4  0.0066048001499999995  0.0005606311852623144
5  0.011317035950000002  0.005897457768260231
6  0.02646152005  0.013256578944745865
7  0.0904396842  0.04494109136864927
8  0.18692633765000002  0.004975670162020076
9  0.8205086906499999  0.06557558542136253
10  2.61183533585  0.06570058828864417
Total= 3.78436301845
Varianza= 0.09933089226009478

Numero de qubits: 26 
Layer   Time var(Time)
1  0.0058118274  0.00021082055650372425
2  0.00543919195  0.00034219967038185095
3  0.007178395999999998  0.00601508788511025
4  0.00677609335  0.0005102283980378077
5  0.010362984850000003  0.0005347322478959237
6  0.02021746465  0.0014761785651104774
7  0.07590515750000001  0.007140491007487884
8  0.21045029315  0.006135645590146741
9  0.8840364263499998  0.006477406158932906
10  3.2225704543  0.062094614162014554
Total= 4.4487482895
Varianza= 0.0648945075280067

Numero de qubits: 27 
Layer   Time var(Time)
1  0.006074853549999999  0.00024968396893843117
2  0.0061524942  0.0006318425599939118
3  0.00686136515  0.0009883727965316667
4  0.02088546395  0.030548664463143207
5  0.02201879725  0.016435236114253692
6  0.08828063655000001  0.0654959633476033
7  0.0818999252  0.028936583998660063
8  0.2178182936  0.007537247699563802
9  1.0181031764500004  0.05449308847250647
10  3.25228007655  0.038286566237316036
Total= 4.72037508245
Varianza= 0.10469133394269463

Numero de qubits: 28 
Layer   Time var(Time)
1  0.00647107855  0.0003025461768727999
2  0.0062328722  0.0007011328889700297
3  0.0066971031  0.0009133034155163275
4  0.007354910999999999  0.0005551253093000714
5  0.012162772700000001  0.0015385012018444475
6  0.02461243905  0.0044113539319032375
7  0.11159325334999996  0.051170150990770547
8  0.27900602274999997  0.061890797865633417
9  1.12716624055  0.047672386450759004
10  3.7958757305000006  0.022892334983192056
Total= 5.377172423750001
Varianza= 0.07823861648516103

Numero de qubits: 29 
Layer   Time var(Time)
1  0.0068178816500000005  0.0004376214063281496
2  0.007949556649999998  0.006440529845414911
3  0.0067640155  0.0006560155347293617
4  0.0078560037  0.0008370302799251712
5  0.01982412455  0.028982404043962233
6  0.0247228693  0.009214637668949794
7  0.0900395253  0.008199027115258615
8  0.25154234920000007  0.006131028821214714
9  1.1136035313500001  0.06612043466253434
10  3.9130563783500003  0.0567314645636141
Total= 5.442176235549999
Varianza= 0.12575338184414403

Numero de qubits: 30 
Layer   Time var(Time)
1  0.0068421747  0.00028157513637253224
2  0.0068705586999999995  0.0006258511437367594
3  0.030598242449999997  0.04775815753899616
4  0.009565412899999999  0.001149482388776005
5  0.026279820099999997  0.040418923371312386
6  0.037191490800000004  0.014040866477090259
7  0.16611090480000004  0.06361986462356126
8  0.2690998499500001  0.0034973162912579642
9  1.2447759976500001  0.04660668144626865
10  4.3288430571  0.04140385256747501
Total= 6.12617750915
Varianza= 0.10427874517915985

Numero de qubits: 31 
Layer   Time var(Time)
1  0.007287261649999999  0.0005178312421982932
2  0.0072215579  0.001010895589399662
3  0.0073953228  0.0006325154241932445
4  0.00928446665  0.0010024047207690748
5  0.0141349272  0.002225753028845622
6  0.030892328549999994  0.011426711558932346
7  0.1028117543  0.028817570556595947
8  0.29666392269999997  0.0447691757318957
9  1.2629048714500002  0.04807356986526573
10  4.5442294608  0.060025604536603376
Total= 6.282825873999999
Varianza= 0.0996575465923353

Numero de qubits: 32 
Layer   Time var(Time)
1  0.008591223850000001  0.004629415137253984
2  0.0074237837499999985  0.0007224161845156761
3  0.0081526852  0.001277895601722715
4  0.00918025475  0.0008432559989426031
5  0.02938097115  0.039964547069991675
6  0.04249412055  0.03943800522524236
7  0.10960359620000001  0.010782370097057984
8  0.32469827395000006  0.042328680391620584
9  1.40690292565  0.04797567162343548
10  5.03623121565  0.0634419002601991
Total= 6.982659050699999
Varianza= 0.11241079679685556

Numero de qubits: 33 
Layer   Time var(Time)
1  0.014960706449999995  0.029456965783290708
2  0.007283358500000001  0.00040425472963559727
3  0.007885789999999998  0.0008203646387917997
4  0.009966395450000004  0.0014919432986592847
5  0.01598525995  0.003288472241558859
6  0.030988584599999997  0.0071167381900657375
7  0.10714086990000002  0.007833032488292474
8  0.3989333653500001  0.07205796578891123
9  1.3914712264  0.04051302262241084
10  5.135409162149999  0.06885620631987704
Total= 7.12002471875
Varianza= 0.15599840311454274

Numero de qubits: 34 
Layer   Time var(Time)
1  0.00800067955  0.000509349353647423
2  0.010833967750000001  0.008536168051921325
3  0.00864481145  0.0009981109694819747
4  0.01197668285  0.007458447107860265
5  0.0380407873  0.04830174289314248
6  0.051376294600000004  0.04743062061140169
7  0.11943247635000001  0.011457117224885193
8  0.33515052739999995  0.010155370542230889
9  1.5243906497  0.04306253914682571
10  5.620909032849999  0.05611226938930477
Total= 7.7287559097999985
Varianza= 0.10647878556583645

Numero de qubits: 35 
Layer   Time var(Time)
1  0.008300903149999999  0.0006309695245953065
2  0.0082419327  0.0010075418626145564
3  0.009366311800000002  0.0016585098129186216
4  0.01222797  0.008123301924031304
5  0.015859133750000004  0.0032367940974608335
6  0.04278137005  0.04001932329154816
7  0.1214635714  0.010129445498430792
8  0.34416348725000007  0.008317024305124845
9  1.5958838935  0.06704293324579011
10  5.75141595705  0.043982583136952524
Total= 7.909704530649999
Varianza= 0.0746596021013981

Numero de qubits: 36 
Layer   Time var(Time)
1  0.008394458400000002  0.0005159489101960969
2  0.008661123449999999  0.0009878944826200555
3  0.00968994495  0.0015333622653738899
4  0.012538255449999999  0.005972588672437801
5  0.01614965095  0.00491682082881125
6  0.04492017344999999  0.04033512181023055
7  0.12446667424999999  0.006471449612405413
8  0.4506079986500001  0.07227967114241284
9  1.696903636  0.07059345565677465
10  6.209636701400001  0.08473533152444489
Total= 8.58196861695
Varianza= 0.1816750895320735

Numero de qubits: 37 
Layer   Time var(Time)
1  0.016792010849999994  0.02936733833035596
2  0.022053026299999997  0.040741224180436984
3  0.0094046645  0.0011527399388781279
4  0.02002017495  0.029902273251588615
5  0.017172081449999998  0.003602199942610896
6  0.04471457405  0.029875395014891223
7  0.12291983354999998  0.010393763474109623
8  0.43615046404999996  0.07192449287281374
9  1.6776301749000002  0.04281209441829178
10  6.3285200172  0.08723409494443922
Total= 8.6953770218
Varianza= 0.1870739306880997

Numero de qubits: 38 
Layer   Time var(Time)
1  0.0090716209  0.0008389198414570309
2  0.012935434450000002  0.010715642606597853
3  0.00932968695  0.0009251948207808706
4  0.011907416899999999  0.0010247332120125168
5  0.03769434245  0.040335049797453185
6  0.05310365899999999  0.04796309672674743
7  0.13581089485  0.012131546597962029
8  0.4562159176500001  0.07206132366030932
9  1.8286978152000004  0.06559629716857565
10  6.79374271405  0.07625495122292517
Total= 9.348509502400002
Varianza= 0.16703019571267966

Numero de qubits: 39 
Layer   Time var(Time)
1  0.011531171500000001  0.006921104462752513
2  0.011935042  0.008034766309264757
3  0.011882011449999999  0.00769814995831524
4  0.028440180400000004  0.04068207057792619
5  0.03833357845  0.04870126853556534
6  0.04715508430000001  0.04063441863853112
7  0.13025498705  0.006902650558703146
8  0.47233316784999985  0.07725808021938352
9  1.86350184225  0.06784295031597236
10  6.920763297199999  0.056767728626721185
Total= 9.53613036245
Varianza= 0.24047085473596355

Numero de qubits: 40 
Layer   Time var(Time)
1  0.00966102595  0.0007880425932081005
2  0.0096372846  0.0010876750858322718
3  0.010609491050000001  0.0010499566997302066
4  0.01367484625  0.0028353614493261507
5  0.018605091950000003  0.0031700758949410103
6  0.03783842315000001  0.009146703613232093
7  0.1438207835  0.009933202454123342
8  0.48954725525000004  0.07137204011086774
9  1.9850556792000003  0.0561884135081364
10  7.364471463500001  0.0743602385313317
Total= 10.082921344399999
Varianza= 0.16049689686786564

Numero de qubits: 41 
Layer   Time var(Time)
1  0.009938786949999999  0.000823747198455538
2  0.00981553845  0.001250683595010004
3  0.017721260700000005  0.029858288154782267
4  0.01588763935  0.003660425267908297
5  0.018233890549999996  0.002806821007098395
6  0.041089423849999994  0.012135751667432458
7  0.14214953274999997  0.009256236914665792
8  0.49447821145000004  0.06610508527568706
9  2.02108251645  0.06715053686676162
10  7.539167711050001  0.08180552679009098
Total= 10.309564511549997
Varianza= 0.13710484017236713

Numero de qubits: 42 
Layer   Time var(Time)
1  0.010986657950000001  0.001343293626061796
2  0.0097394303  0.0008470460981872298
3  0.0112620715  0.0010621617667814303
4  0.0239522427  0.013122565087700037
5  0.0184996543  0.0030514650780600963
6  0.07789985010000001  0.06054584984332286
7  0.15082060294999994  0.011031597521774959
8  0.54107161865  0.06845281559346689
9  2.1477391012000004  0.05216791273566063
10  7.981036750449998  0.07462598494856144
Total= 10.9730079801
Varianza= 0.17041016157333905

Numero de qubits: 43 
Layer   Time var(Time)
1  0.010557663450000001  0.0008257375085650082
2  0.01036487125  0.0009326467624538711
3  0.03801713105  0.05281479647073692
4  0.0156200159  0.004678774746205174
5  0.019693600099999996  0.003733610986694166
6  0.04383862194999999  0.011108296113473736
7  0.15835082085000002  0.016372752552472235
8  0.5095056317500001  0.06637449467206406
9  2.15380442405  0.06672544161911431
10  8.058622143849998  0.04899071854817714
Total= 11.0183749242
Varianza= 0.11312672636107342

Numero de qubits: 44 
Layer   Time var(Time)
1  0.010646929900000001  0.0006271426644082588
2  0.010525542449999998  0.0008440688312122699
3  0.01938602215  0.02888217310415801
4  0.0139492558  0.0016602676146421577
5  0.0204268649  0.002329939548873981
6  0.044736954749999995  0.012360185828849388
7  0.16983574675000002  0.015563804673605927
8  0.5278896428500001  0.06466720663023333
9  2.2391718351499996  0.050524090372166056
10  8.461606223799999  0.06530446243903712
Total= 11.5181750185
Varianza= 0.1341514394825014

Numero de qubits: 45 
Layer   Time var(Time)
1  0.01094825235  0.00048477435135393406
2  0.010854694250000001  0.0008439050159948023
3  0.01294430715  0.0006094789911959455
4  0.0156343823  0.001520835383661858
5  0.0214962518  0.0020448841784575377
6  0.05140193365000001  0.01601611079313076
7  0.17245642935000002  0.020364559926798486
8  0.5272638613  0.07532489096369396
9  2.3338367384999996  0.051932056199976095
10  8.638138533249998  0.075117530296526
Total= 11.794975383899999
Varianza= 0.12796232753716844

Numero de qubits: 46 
Layer   Time var(Time)
1  0.01129259025  0.0007864212509114864
2  0.011084904300000002  0.0010930476036886546
3  0.013469346649999997  0.0017300368102489692
4  0.01800030045  0.004652582406351998
5  0.0212765357  0.0038660495153779156
6  0.05025119990000001  0.014970453737020628
7  0.17149057100000004  0.012458460987009791
8  0.5799136535  0.06925020872182233
9  2.45607082965  0.06780110936885395
10  9.0953204702  0.06670005017073051
Total= 12.428170401600001
Varianza= 0.05864195433963693

Numero de qubits: 47 
Layer   Time var(Time)
1  0.011748634350000002  0.0011391524026403699
2  0.01154945225  0.0011831506358296847
3  0.03306415919999999  0.04758573983890269
4  0.016244291200000004  0.006683703023348805
5  0.022381586  0.0018091861482234489
6  0.05575713135  0.02880761313380971
7  0.17527282805000002  0.013577748023120131
8  0.621860326  0.06463061768044047
9  2.4838374415  0.0663184534521858
10  9.17663499955  0.07810133388645484
Total= 12.608350849450002
Varianza= 0.1369336832097381

Numero de qubits: 48 
Layer   Time var(Time)
1  0.012006850349999997  0.0008757983521770452
2  0.012246328549999998  0.0012904000379701432
3  0.013525820650000003  0.0013747436146252607
4  0.01756966125  0.005129127557219325
5  0.02228473995  0.0016446296601270295
6  0.05456655625000001  0.03031584439407454
7  0.19692544595  0.020417469413931175
8  0.6322761442  0.1225403555914259
9  2.5449506589000004  0.05078891438954748
10  9.66511494805  0.08503158655956397
Total= 13.1714671541
Varianza= 0.17956784751320334

Numero de qubits: 49 
Layer   Time var(Time)
1  0.018640635049999996  0.02893100891343871
2  0.011781919450000001  0.0007783721062334182
3  0.015267385750000001  0.0006644220623701382
4  0.01726234755  0.0009620531036410867
5  0.02498228195  0.0035823970475502504
6  0.056585559650000006  0.01945619841672815
7  0.1866706251  0.019903837035903496
8  0.5804763877999999  0.06417772397083718
9  2.6005990650500004  0.05805353949708736
10  9.723431765399999  0.060170454147094134
Total= 13.23569797275
Varianza= 0.1595521660850579

Numero de qubits: 50 
Layer   Time var(Time)
1  0.019225310500000002  0.028857586615728813
2  0.01371979625  0.006210270499140298
3  0.015765547900000003  0.0022392936463861077
4  0.025320519000000003  0.029569380664969398
5  0.023932071399999998  0.003139827867213208
6  0.0680657058  0.021455597004113702
7  0.18693631709999997  0.015954353373342438
8  0.6105353769499999  0.05410684939014145
9  2.7380092287  0.053810498003446255
10  10.2123104835  0.10445557926431548
Total= 13.913820357099999
Varianza= 0.1577843292907619

Numero de qubits: 51 
Layer   Time var(Time)
1  0.014239585800000001  0.005857724613567213
2  0.01249049125  0.0011370774575732243
3  0.0166988801  0.002347247718832418
4  0.026578517000000003  0.029636104511521776
5  0.0231694447  0.002537992711932189
6  0.06119869859999999  0.0311631942371193
7  0.20213412114999998  0.03599815615923354
8  0.6403946219000001  0.08012555809101163
9  2.7596430376  0.05075660025449626
10  10.35661099715  0.09150328152431199
Total= 14.113158395250002
Varianza= 0.17012684575070897

Numero de qubits: 52 
Layer   Time var(Time)
1  0.01598678655  0.007068969670666889
2  0.0131007349  0.001250621780783699
3  0.028685826999999997  0.04076593082721549
4  0.017484672149999998  0.0022692686901414575
5  0.023700975800000003  0.004768679104350697
6  0.054165463250000004  0.013503744522712417
7  0.20284577325000003  0.018711874229109925
8  0.7157320196499999  0.1051800693119431
9  2.8563835438  0.06380783466258269
10  10.823823909549997  0.0838834090654658
Total= 14.7519097059
Varianza= 0.1808148874093188

Numero de qubits: 53 
Layer   Time var(Time)
1  0.0195057707  0.011072163348508078
2  0.013081638400000001  0.0012456856282606135
3  0.02625608135  0.029654291355636596
4  0.017784211049999995  0.0027782534220930867
5  0.0368351296  0.041389351678431836
6  0.053106844050000004  0.012207337496726953
7  0.20336635044999998  0.017240420678241608
8  0.70186955735  0.08173618182862163
9  2.8981987698000005  0.054185300137199896
10  10.9305963079  0.071167353519518
Total= 14.900600660650003
Varianza= 0.11988136949813905

Numero de qubits: 54 
Layer   Time var(Time)
1  0.013907840250000003  0.0010495855076398909
2  0.013933452599999998  0.0010849421430169169
3  0.018623698199999997  0.002562609401511799
4  0.018692317849999994  0.0024794340305270934
5  0.027518907549999992  0.005630589858945175
6  0.05695101495  0.014136618118711457
7  0.2275472228000001  0.02771471526612945
8  0.6700972731499999  0.07632146612904493
9  3.01309368265  0.10121350682065225
10  11.3390073292  0.09119982068607561
Total= 15.3993727392
Varianza= 0.16364182514103315

Numero de qubits: 55 
Layer   Time var(Time)
1  0.014069747200000001  0.0012325382128838683
2  0.014069421700000001  0.001200464347666731
3  0.0270073067  0.029310939035510016
4  0.018605065900000002  0.003298285620733367
5  0.02459526885  0.0014431094680839795
6  0.0661027399  0.01672135898298987
7  0.21144720525  0.01980754493111385
8  0.6791771159000002  0.07252856013476981
9  3.0537655151  0.10081630408661939
10  11.47046005825  0.05681719510010406
Total= 15.579299444749996
Varianza= 0.15246163109683733

Numero de qubits: 56 
Layer   Time var(Time)
1  0.015513438149999998  0.004976476379582197
2  0.015146585699999998  0.0013654386932031443
3  0.016322226649999997  0.0019395133689218609
4  0.027421139599999998  0.02954755064313002
5  0.028436665099999998  0.006259356811671164
6  0.08404999030000002  0.04642866624598029
7  0.2136496898  0.011874439083117694
8  0.7540106802500002  0.10400556884576115
9  3.1465997145999998  0.062230528178458026
10  11.907084879950002  0.10039556728192545
Total= 16.2082350101
Varianza= 0.17907534745074158

Numero de qubits: 57 
Layer   Time var(Time)
1  0.017952052549999997  0.008174487829905059
2  0.015003935099999999  0.0013556605466422595
3  0.01717781685  0.001757283063980225
4  0.040767743049999985  0.048843902634659604
5  0.030598719950000002  0.0049810433223037975
6  0.0637986479  0.02221470684851004
7  0.21251949809999995  0.00435919485626388
8  0.7716835223  0.1263419400531615
9  3.1969716583000003  0.05404648088880681
10  12.017952109800001  0.11995820718914724
Total= 16.3844257039
Varianza= 0.25864935475439516

Numero de qubits: 58 
Layer   Time var(Time)
1  0.016273316899999998  0.004955509089681804
2  0.015716292750000003  0.0015338310596648798
3  0.018415082250000003  0.0029914975033792338
4  0.02200942855  0.003684164487190867
5  0.02721417115  0.003670989850622721
6  0.06264503155  0.019923972349589772
7  0.22490220944999995  0.012999795643092801
8  0.7537368627500001  0.07877821756912008
9  3.28803214095  0.07242573500999236
10  12.5222010441  0.08545097816644079
Total= 16.951145580400002
Varianza= 0.1287725900551003

Numero de qubits: 59 
Layer   Time var(Time)
1  0.015089514750000001  0.001343756663909983
2  0.018163988300000003  0.0077447110080195525
3  0.019020887049999997  0.0042775648698267854
4  0.021235425500000002  0.0024451750202143917
5  0.0388814957  0.02979844608861159
6  0.06090355405000001  0.018406765635880572
7  0.22513102330000004  0.012849145412488178
8  0.7703875334499999  0.0829413097281871
9  3.35568149295  0.0734607001072822
10  12.6487520923  0.08498773529816278
Total= 17.173247007349996
Varianza= 0.16531164292331663

Numero de qubits: 60 
Layer   Time var(Time)
1  0.01567541445  0.0013958978604630954
2  0.023191756999999997  0.02971899969524845
3  0.019129493349999995  0.0022877038629707577
4  0.02260879705  0.0057648405114608045
5  0.031781844399999995  0.007087524146964696
6  0.0654759613  0.020204939829135602
7  0.23691329395  0.02280283386522901
8  0.76103484335  0.08275969221737378
9  3.4153964923499998  0.0857041096737127
10  13.070597790849998  0.10139513504003428
Total= 17.66180568805
Varianza= 0.19055288749659485

