Numero de qubits: 15 
Layer   Time var(Time)
1  0.060586792550000004  0.24879105599062337
2  0.0033646073  0.0009145243549162647
3  0.0037699268499999995  0.0007042945585687337
4  0.00454587405  0.0040315878450611934
5  0.005068114549999999  0.0006609885803798332
6  0.00922734675  0.0008829685009902604
7  0.0238845351  0.0014116164850272507
8  0.04662594669999999  0.0026780442022024415
9  0.0663742251  0.03265865962906383
10  0.057673866399999996  0.003906358860268604
11  0.06736512455000002  0.036092961214757587
12  0.05824434555  0.007071959903725257
13  0.06580170015  0.029331346400183107
14  0.06740970735  0.03414138652139468
15  0.059250565399999996  0.004761578620675631
Total= 0.5991926783500002
Varianza= 0.2598727792967444

Numero de qubits: 16 
Layer   Time var(Time)
1  0.0040438038499999995  0.0006603713147909496
2  0.0036748465500000002  0.000555495153638128
3  0.004019860500000001  0.0006667295072811387
4  0.0045652304  0.0008737165964330996
5  0.006123102250000001  0.0011440526832373532
6  0.010528397999999998  0.0009909882376413456
7  0.0305002567  0.002076982333170003
8  0.07991827365  0.04053619226873495
9  0.17343528675  0.0669536357040875
10  0.12031973160000001  0.04835302005385997
11  0.1591035226  0.05715899164368497
12  0.12776710114999998  0.05804870712595822
13  0.1587534489  0.05604584721729081
14  0.11138875805000001  0.03365708778168103
15  0.16910599855000003  0.06815042870057612
Total= 1.1632476195000003
Varianza= 0.11439104276044654

Numero de qubits: 17 
Layer   Time var(Time)
1  0.0039031744  0.00012033708988769833
2  0.0036996565500000004  0.00031367292085442687
3  0.0041486652  0.000534016121223002
4  0.00469764485  0.0008387872414627725
5  0.00616672935  0.0009992188635616459
6  0.01259455015  0.005128840363480455
7  0.037252201650000004  0.03128058847690567
8  0.08152927245000001  0.03355873123864068
9  0.17976392489999998  0.05519172634216704
10  0.22723757304999997  0.07044543133300397
11  0.24201997435000008  0.07707054404641642
12  0.21205878825000002  0.06029682825981343
13  0.24532336895  0.07648967720828748
14  0.22959484684999998  0.06852881068692995
15  0.20231718090000003  0.04767813208494439
Total= 1.69230755185
Varianza= 0.11814114930819758

Numero de qubits: 18 
Layer   Time var(Time)
1  0.00441070705  0.0003161269759565727
2  0.011176126000000003  0.030274523006866824
3  0.00443584675  0.000860043282543668
4  0.004618640999999999  0.00028573274319458044
5  0.006904056800000001  0.001479983458465587
6  0.012659729949999999  0.0013855955251083727
7  0.03836538945  0.002141751936531364
8  0.11486440944999998  0.04607420749300524
9  0.3705205679  0.074738263728773
10  0.6277728164  0.053144130842644084
11  0.4095724988500001  0.06301686422717984
12  0.64178468155  0.034387978437031154
13  0.4576983149  0.07546849060593837
14  0.63980491205  0.033914158647438464
15  0.4931841415999999  0.06948953636002195
Total= 3.8377728397000004
Varianza= 0.11322812045387497

Numero de qubits: 19 
Layer   Time var(Time)
1  0.0048462294500000004  0.0006292328788457795
2  0.005437898  0.004930081868696563
3  0.00576920805  0.005549777270210558
4  0.005294795200000001  0.0007934094528849275
5  0.01451217795  0.03045777118079131
6  0.023687650100000002  0.03160284739246764
7  0.07702426940000001  0.06416747064872613
8  0.13824238515  0.06252070021118454
9  0.33638208845  0.06766639131543843
10  0.7972933796999999  0.04739566978168596
11  0.9333329340500001  0.03507797012442327
12  0.98308507745  0.0702115256405431
13  0.9238551464499999  0.028990085574510674
14  0.9788572406  0.06939951276679049
15  0.9181572925499999  0.009463527179113515
Total= 6.145777772549998
Varianza= 0.144830287325978

Numero de qubits: 20 
Layer   Time var(Time)
1  0.005119534550000001  0.0006663761680934783
2  0.004719586499999999  0.00037804037432693615
3  0.004957696  0.00040626599102521496
4  0.005761215250000001  0.0004018878700077766
5  0.008168481350000003  0.0006969407676628824
6  0.014607496049999998  0.001311997640649916
7  0.047733508150000006  0.002837775284228674
8  0.13010214850000001  0.005010820605163325
9  0.5327534662500001  0.04841579410103447
10  1.35038003355  0.06592515135571038
11  3.0660918485999997  0.07913621830437634
12  2.1826884345499993  0.01662700438470169
13  3.03042261095  0.1362359738337684
14  2.1684685057  0.02940080697233141
15  2.9378672835  0.2502437914456162
Total= 15.489841849450002
Varianza= 0.300958644671934

