Numero de qubits: 20 
Layer   D  var(D)  Renyi  var(Renyi)
1  2.0  0.0  1.2397260569763792e-14  4.398270758810787e-15
2  4.0  0.0  1.8152688548959026  0.002812264533955927
3  8.0  0.0  1.8152688548959066  0.002812264533955962
4  16.0  0.0  3.6503102568958923  0.00559785819988761
5  32.0  0.0  3.650310256895898  0.00559785819988819
6  64.0  0.0  5.501366437319001  0.0064989752931074105
7  128.0  0.0  5.501366437319005  0.006498975293107392
8  256.0  0.0  7.367885493152713  0.005268842733124428
Numero de qubits: 21 
Layer   D  var(D)  Renyi  var(Renyi)
1  2.0  0.0  1.412711088182386e-14  2.706658445522657e-15
2  4.0  0.0  1.8167428164428732  0.003620707986854754
3  8.0  0.0  1.8167428164428792  0.0036207079868542445
4  16.0  0.0  3.6510851828619955  0.004841704844953245
5  32.0  0.0  3.651085182862  0.004841704844954073
6  64.0  0.0  5.503196468890704  0.005473838551859847
7  128.0  0.0  5.50319646889071  0.005473838551860433
8  256.0  0.0  7.368862424726214  0.00535571039230964
Numero de qubits: 22 
Layer   D  var(D)  Renyi  var(Renyi)
1  2.0  0.0  0.9064569982200462  2.8120658380020977e-15
2  4.0  0.0  0.9064569982200492  7.627967444282656e-15
3  8.0  0.0  2.7293512843355887  0.003554102410969799
4  16.0  0.0  2.7293512843355936  0.0035541024109710657
5  32.0  0.0  4.576042788752439  0.004459761874434956
6  64.0  0.0  4.576042788752444  0.004459761874435349
7  128.0  0.0  6.436160729647808  0.004987569200425138
8  256.0  0.0  6.436160729647815  0.004987569200424747
Numero de qubits: 23 
Layer   D  var(D)  Renyi  var(Renyi)
1  2.0  0.0  0.9064569982200462  3.799899479388308e-15
2  4.0  0.0  0.9064569982200513  8.404798936904737e-15
3  8.0  0.0  2.7316532547934074  0.004988943526956312
4  16.0  0.0  2.731653254793412  0.004988943526954958
5  32.0  0.0  4.574147379642065  0.006128202816569858
6  64.0  0.0  4.5741473796420715  0.006128202816570383
7  128.0  0.0  6.433977666379006  0.007027795780192527
8  256.0  0.0  6.43397766637901  0.007027795780192127
Numero de qubits: 24 
Layer   D  var(D)  Renyi  var(Renyi)
1  2.0  0.0  1.6017132519074678e-14  3.247964858734427e-15
2  4.0  0.0  1.815190059178239  0.003132550282915235
3  8.0  0.0  1.8151900591782446  0.0031325502829138265
4  16.0  0.0  3.6502788523581593  0.00482136260822662
5  32.0  0.0  3.650278852358165  0.0048213626082261145
6  64.0  0.0  5.501814981051537  0.005219015290025015
7  128.0  0.0  5.501814981051543  0.00521901529002347
8  256.0  0.0  7.3696802255624405  0.005744088768056865
Numero de qubits: 25 
Layer   D  var(D)  Renyi  var(Renyi)
1  2.0  0.0  1.5728824133731342e-14  5.018144868018237e-15
2  4.0  0.0  1.814294016626869  0.0020200945788806843
3  8.0  0.0  1.8142940166268762  0.002020094578880207
4  16.0  0.0  3.6502069613364965  0.0032328611771759623
5  32.0  0.0  3.6502069613365022  0.0032328611771754476
6  64.0  0.0  5.504786579406484  0.0046786122338423105
7  128.0  0.0  5.504786579406487  0.004678612233841563
8  256.0  0.0  7.370706972601766  0.006432314342136546
Numero de qubits: 26 
Layer   D  var(D)  Renyi  var(Renyi)
1  2.0  0.0  0.9064569982200507  3.478561014125191e-15
2  4.0  0.0  0.9064569982200549  9.211640261547555e-15
3  8.0  0.0  2.72949136333951  0.0036630268834871495
4  16.0  0.0  2.7294913633395157  0.0036630268834858186
5  32.0  0.0  4.5742538110390925  0.004743925782758506
6  64.0  0.0  4.574253811039097  0.004743925782757983
7  128.0  0.0  6.43389041501816  0.006025913667473997
8  256.0  0.0  6.433890415018167  0.006025913667472751
Numero de qubits: 27 
Layer   D  var(D)  Renyi  var(Renyi)
1  2.0  0.0  0.9064569982200504  3.374511879721532e-15
2  4.0  0.0  0.9064569982200557  6.2097603352236374e-15
3  8.0  0.0  2.730448014535289  0.003014733520603604
4  16.0  0.0  2.7304480145352956  0.003014733520602535
5  32.0  0.0  4.57280329853289  0.004527531098048152
6  64.0  0.0  4.572803298532893  0.004527531098049911
7  128.0  0.0  6.433451594182929  0.004806396077186992
8  256.0  0.0  6.433451594182934  0.00480639607718789
Numero de qubits: 28 
Layer   D  var(D)  Renyi  var(Renyi)
1  2.0  0.0  1.9989381383805225e-14  2.8407729035786455e-15
2  4.0  0.0  1.8148260517290027  0.002571722971006802
3  8.0  0.0  1.8148260517290087  0.002571722971007537
4  16.0  0.0  3.649543508693808  0.004178028556994968
5  32.0  0.0  3.649543508693815  0.004178028556994418
6  64.0  0.0  5.501167985551272  0.004306063874278656
7  128.0  0.0  5.501167985551277  0.004306063874279009
8  256.0  0.0  7.368461033618186  0.0051033633934707175
Numero de qubits: 29 
Layer   D  var(D)  Renyi  var(Renyi)
1  2.0  0.0  1.8964284902584438e-14  3.626527823390447e-15
2  4.0  0.0  1.8149720274520287  0.002642612711515256
3  8.0  0.0  1.8149720274520376  0.002642612711513855
4  16.0  0.0  3.6496872385361643  0.004598468103800652
5  32.0  0.0  3.6496872385361714  0.004598468103800397
6  64.0  0.0  5.502133694052489  0.0039808874033207525
7  128.0  0.0  5.502133694052496  0.003980887403322247
8  256.0  0.0  7.369252193524096  0.004005459012983138
Numero de qubits: 30 
Layer   D  var(D)  Renyi  var(Renyi)
1  2.0  0.0  0.9064569982200517  3.679765505925918e-15
2  4.0  0.0  0.9064569982200545  8.084146721334764e-15
3  8.0  0.0  2.7289090733929116  0.004280605124769146
4  16.0  0.0  2.7289090733929178  0.004280605124767907
5  32.0  0.0  4.573580577926622  0.0038454592459108957
6  64.0  0.0  4.573580577926628  0.003845459245910805
7  128.0  0.0  6.431955493320342  0.007085950364160943
8  256.0  0.0  6.431955493320349  0.00708595036415982
Numero de qubits: 31 
Layer   D  var(D)  Renyi  var(Renyi)
1  2.0  0.0  0.9064569982200524  3.601471770688146e-15
2  4.0  0.0  0.9064569982200574  7.842647193488495e-15
3  8.0  0.0  2.7316308514938643  0.004203096899538176
4  16.0  0.0  2.731630851493872  0.004203096899538173
5  32.0  0.0  4.577306004254173  0.004376840134896833
6  64.0  0.0  4.577306004254181  0.00437684013489524
7  128.0  0.0  6.436255673115059  0.005822196040047987
8  256.0  0.0  6.436255673115065  0.005822196040047161
Numero de qubits: 32 
Layer   D  var(D)  Renyi  var(Renyi)
1  2.0  0.0  2.0021415648843374e-14  3.811269867464731e-15
2  4.0  0.0  1.8138740243596747  0.001639231015115565
3  8.0  0.0  1.81387402435968  0.0016392310151143378
4  16.0  0.0  3.649650344244864  0.0038427457453914073
5  32.0  0.0  3.6496503442448707  0.0038427457453914077
6  64.0  0.0  5.5015160769434415  0.006552473236167596
7  128.0  0.0  5.501516076943446  0.0065524732361689295
8  256.0  0.0  7.367140116383976  0.006892308951539796
Numero de qubits: 33 
Layer   D  var(D)  Renyi  var(Renyi)
1  2.0  0.0  2.1687197430827157e-14  2.8672009395536285e-15
2  4.0  0.0  1.8166278121456532  0.003685581435262241
3  8.0  0.0  1.8166278121456625  0.003685581435261757
4  16.0  0.0  3.6513763819565606  0.0043802268395013826
5  32.0  0.0  3.6513763819565694  0.004380226839501857
6  64.0  0.0  5.503986792702811  0.005892878681830833
7  128.0  0.0  5.503986792702818  0.005892878681830205
8  256.0  0.0  7.369672989479639  0.0060670072822139424
Numero de qubits: 34 
Layer   D  var(D)  Renyi  var(Renyi)
1  2.0  0.0  0.9064569982200552  3.5414200256182096e-15
2  4.0  0.0  0.9064569982200578  9.220367128109332e-15
3  8.0  0.0  2.730989727930096  0.004040741362539535
4  16.0  0.0  2.730989727930102  0.004040741362538229
5  32.0  0.0  4.575686012338708  0.005386202398139199
6  64.0  0.0  4.575686012338716  0.005386202398138562
7  128.0  0.0  6.436151724162945  0.0077336441835300865
8  256.0  0.0  6.436151724162952  0.007733644183529045
Numero de qubits: 35 
Layer   D  var(D)  Renyi  var(Renyi)
1  2.0  0.0  0.9064569982200548  4.64784496852161e-15
2  4.0  0.0  0.9064569982200597  7.51035309529778e-15
3  8.0  0.0  2.731572822086434  0.0037453344005646404
4  16.0  0.0  2.7315728220864437  0.0037453344005613427
5  32.0  0.0  4.5750386519682555  0.005131220303374147
6  64.0  0.0  4.575038651968263  0.005131220303375223
7  128.0  0.0  6.43458639226805  0.0050879996255419465
8  256.0  0.0  6.434586392268057  0.005087999625540314
Numero de qubits: 36 
Layer   D  var(D)  Renyi  var(Renyi)
1  2.0  0.0  2.457028128426063e-14  3.2306997017196776e-15
2  4.0  0.0  1.814875292869819  0.0018393171375577996
3  8.0  0.0  1.8148752928698273  0.0018393171375568915
4  16.0  0.0  3.6493778457723183  0.004583058917483576
5  32.0  0.0  3.6493778457723254  0.004583058917484923
6  64.0  0.0  5.501786569245772  0.004159275804340989
7  128.0  0.0  5.50178656924578  0.004159275804341682
8  256.0  0.0  7.367814933547436  0.004706155963583233
Numero de qubits: 37 
Layer   D  var(D)  Renyi  var(Renyi)
1  2.0  0.0  2.4730452609451374e-14  2.824833730627638e-15
2  4.0  0.0  1.8149375603263185  0.003198623058039052
3  8.0  0.0  1.8149375603263276  0.0031986230580382117
4  16.0  0.0  3.649176173627569  0.004197925897364317
5  32.0  0.0  3.649176173627577  0.004197925897361496
6  64.0  0.0  5.5020128292324575  0.005684981696243545
7  128.0  0.0  5.502012829232466  0.005684981696242822
8  256.0  0.0  7.36896073217279  0.005863063371212412
Numero de qubits: 38 
Layer   D  var(D)  Renyi  var(Renyi)
1  2.0  0.0  0.9064569982200567  3.9888538052626704e-15
2  4.0  0.0  0.9064569982200588  8.526809172565228e-15
3  8.0  0.0  2.7310213546258497  0.004538070725704053
4  16.0  0.0  2.7310213546258595  0.004538070725705871
5  32.0  0.0  4.575471626131206  0.006473152681435898
6  64.0  0.0  4.575471626131215  0.006473152681435259
7  128.0  0.0  6.435422330760586  0.007719108510959607
8  256.0  0.0  6.435422330760593  0.0077191085109592095
Numero de qubits: 39 
Layer   D  var(D)  Renyi  var(Renyi)
1  2.0  0.0  0.9064569982200565  2.1043046661867034e-15
2  4.0  0.0  0.9064569982200567  1.0180418238288929e-14
3  8.0  0.0  2.730753582525683  0.0022233090944385886
4  16.0  0.0  2.730753582525689  0.00222330909444011
5  32.0  0.0  4.5773016133859885  0.004156153324196563
6  64.0  0.0  4.577301613385996  0.00415615332419756
7  128.0  0.0  6.436373688103292  0.006299294134586533
8  256.0  0.0  6.4363736881033  0.006299294134585566
Numero de qubits: 40 
Layer   D  var(D)  Renyi  var(Renyi)
1  2.0  0.0  2.6780645571892963e-14  3.655838130200018e-15
2  4.0  0.0  1.8146510368314437  0.00250833617838471
3  8.0  0.0  1.8146510368314526  0.002508336178382706
4  16.0  0.0  3.6493381466538244  0.005668489563709972
5  32.0  0.0  3.6493381466538315  0.005668489563709696
6  64.0  0.0  5.5006002086244115  0.0073342052702726765
7  128.0  0.0  5.500600208624418  0.007334205270274691
8  256.0  0.0  7.3676056090768345  0.007121804279943017
Numero de qubits: 41 
Layer   D  var(D)  Renyi  var(Renyi)
1  2.0  0.0  2.7325228077541508e-14  3.818801497104913e-15
2  4.0  0.0  1.8148458606515416  0.0027191444219269237
3  8.0  0.0  1.8148458606515514  0.0027191444219300718
4  16.0  0.0  3.6509221341444267  0.0062944555645689975
5  32.0  0.0  3.650922134144436  0.006294455564570573
6  64.0  0.0  5.503496941353223  0.007008252641211631
7  128.0  0.0  5.503496941353229  0.007008252641209426
8  256.0  0.0  7.369053884280413  0.006865265514280686
Numero de qubits: 42 
Layer   D  var(D)  Renyi  var(Renyi)
1  2.0  0.0  0.9064569982200593  3.244530628862221e-15
2  4.0  0.0  0.9064569982200643  1.1603795907474814e-14
3  8.0  0.0  2.7305402293330525  0.003852665398483724
4  16.0  0.0  2.730540229333062  0.003852665398485398
5  32.0  0.0  4.576645078379647  0.0045779514977677075
6  64.0  0.0  4.576645078379654  0.0045779514977658435
7  128.0  0.0  6.434974643599595  0.006782877979780298
8  256.0  0.0  6.434974643599601  0.006782877979780161
Numero de qubits: 43 
Layer   D  var(D)  Renyi  var(Renyi)
1  2.0  0.0  0.906456998220059  4.8200815609202304e-15
2  4.0  0.0  0.9064569982200661  1.0747996795025764e-14
3  8.0  0.0  2.7293475838961565  0.0036074974778108034
4  16.0  0.0  2.729347583896165  0.003607497477812265
5  32.0  0.0  4.575128734880485  0.0038966095321935463
6  64.0  0.0  4.575128734880495  0.0038966095321930276
7  128.0  0.0  6.435395705730149  0.00432763881345134
8  256.0  0.0  6.435395705730157  0.004327638813452245
Numero de qubits: 44 
Layer   D  var(D)  Renyi  var(Renyi)
1  2.0  0.0  2.953559236517384e-14  3.5723592039354256e-15
2  4.0  0.0  1.814735205451702  0.0024942262474289454
3  8.0  0.0  1.8147352054517127  0.002494226247426445
4  16.0  0.0  3.6500747807180742  0.005871455754155847
5  32.0  0.0  3.6500747807180844  0.005871455754158102
6  64.0  0.0  5.505282370776579  0.006592177509483797
7  128.0  0.0  5.505282370776586  0.006592177509484617
8  256.0  0.0  7.3711943480802535  0.00799897735869912
Numero de qubits: 45 
Layer   D  var(D)  Renyi  var(Renyi)
1  2.0  0.0  3.011220913586055e-14  4.1963664500292145e-15
2  4.0  0.0  1.8143719548978219  0.0022088862874299034
3  8.0  0.0  1.814371954897831  0.002208886287430487
4  16.0  0.0  3.6497751844661606  0.004464657758552071
5  32.0  0.0  3.649775184466173  0.004464657758553005
6  64.0  0.0  5.503580037272496  0.004447641960470169
7  128.0  0.0  5.503580037272505  0.004447641960469951
8  256.0  0.0  7.36922831198639  0.005430694557878376
Numero de qubits: 46 
Layer   D  var(D)  Renyi  var(Renyi)
1  2.0  0.0  0.9064569982200622  5.331556375392761e-15
2  4.0  0.0  0.9064569982200684  1.5184080782349078e-14
3  8.0  0.0  2.73127068105368  0.004069250600936074
4  16.0  0.0  2.731270681053691  0.0040692506009366745
5  32.0  0.0  4.5750863083511994  0.006123219253836552
6  64.0  0.0  4.575086308351208  0.006123219253837381
7  128.0  0.0  6.432749206821337  0.006841773234943963
8  256.0  0.0  6.432749206821347  0.0068417732349450215
Numero de qubits: 47 
Layer   D  var(D)  Renyi  var(Renyi)
1  2.0  0.0  0.9064569982200619  5.274435786004485e-15
2  4.0  0.0  0.9064569982200688  1.3647707517528215e-14
3  8.0  0.0  2.73136184851531  0.0038583565383488137
4  16.0  0.0  2.73136184851532  0.0038583565383479416
5  32.0  0.0  4.575921987578743  0.005165473437902058
6  64.0  0.0  4.575921987578754  0.005165473437904862
7  128.0  0.0  6.435861409446593  0.006143252376693401
8  256.0  0.0  6.435861409446604  0.0061432523766933415
Numero de qubits: 48 
Layer   D  var(D)  Renyi  var(Renyi)
1  2.0  0.0  3.04005175212039e-14  4.68828883607132e-15
2  4.0  0.0  1.8171171098629546  0.003462794424561887
3  8.0  0.0  1.8171171098629657  0.0034627944245607025
4  16.0  0.0  3.65286453871488  0.0035227451649500158
5  32.0  0.0  3.652864538714893  0.0035227451649483756
6  64.0  0.0  5.504803026935155  0.00480689045431208
7  128.0  0.0  5.504803026935167  0.0048068904543123216
8  256.0  0.0  7.372025789402106  0.005104583704537266
Numero de qubits: 49 
Layer   D  var(D)  Renyi  var(Renyi)
1  2.0  0.0  3.11052713520432e-14  5.2028814254835445e-15
2  4.0  0.0  1.8159177953426187  0.0030928408265931432
3  8.0  0.0  1.8159177953426304  0.0030928408265931107
4  16.0  0.0  3.650390398703325  0.004461449431171438
5  32.0  0.0  3.6503903987033333  0.004461449431171803
6  64.0  0.0  5.502372876570049  0.004572806401561398
7  128.0  0.0  5.502372876570062  0.004572806401562284
8  256.0  0.0  7.367361071520911  0.005435551395888038
Numero de qubits: 50 
Layer   D  var(D)  Renyi  var(Renyi)
1  2.0  0.0  0.9064569982200659  4.393384114443492e-15
2  4.0  0.0  0.906456998220075  1.3384727411242785e-14
3  8.0  0.0  2.7319882725316424  0.005077981729322768
4  16.0  0.0  2.7319882725316567  0.005077981729323304
5  32.0  0.0  4.575342056346505  0.0057644479596248
6  64.0  0.0  4.575342056346514  0.005764447959623422
7  128.0  0.0  6.437809200994041  0.006929562457715017
8  256.0  0.0  6.437809200994048  0.00692956245771445
Numero de qubits: 51 
Layer   D  var(D)  Renyi  var(Renyi)
1  2.0  0.0  0.9064569982200659  4.3912794319626614e-15
2  4.0  0.0  0.9064569982200723  1.2930404907662414e-14
3  8.0  0.0  2.729738539922617  0.002863855925092809
4  16.0  0.0  2.729738539922632  0.002863855925091457
5  32.0  0.0  4.5757540667680505  0.006287096510034074
6  64.0  0.0  4.575754066768064  0.006287096510035227
7  128.0  0.0  6.435167809853025  0.007169333373139091
8  256.0  0.0  6.435167809853034  0.007169333373139538
Numero de qubits: 52 
Layer   D  var(D)  Renyi  var(Renyi)
1  2.0  0.0  3.363597829005704e-14  4.989536025756838e-15
2  4.0  0.0  1.8160815851240812  0.003103686138081358
3  8.0  0.0  1.8160815851240895  0.003103686138081289
4  16.0  0.0  3.6519306804261964  0.004982005998398208
5  32.0  0.0  3.651930680426208  0.004982005998399504
6  64.0  0.0  5.502885422316252  0.004867206361132248
7  128.0  0.0  5.502885422316265  0.0048672063611313356
8  256.0  0.0  7.37122226228531  0.00561727700703414
Numero de qubits: 53 
Layer   D  var(D)  Renyi  var(Renyi)
1  2.0  0.0  3.4244629325781884e-14  5.710641248137361e-15
2  4.0  0.0  1.8142923919105738  0.0021037788511234752
3  8.0  0.0  1.8142923919105864  0.0021037788511260374
4  16.0  0.0  3.650761381983216  0.005621641501346935
5  32.0  0.0  3.6507613819832265  0.005621641501348484
6  64.0  0.0  5.504495731903703  0.004830687765356588
7  128.0  0.0  5.504495731903714  0.004830687765356974
8  256.0  0.0  7.370720492398587  0.006005379135441683
Numero de qubits: 54 
Layer   D  var(D)  Renyi  var(Renyi)
1  2.0  0.0  0.9064569982200654  6.357372031220964e-15
2  4.0  0.0  0.906456998220077  1.3153214712619998e-14
3  8.0  0.0  2.7311312573744275  0.003787154290218772
4  16.0  0.0  2.731131257374438  0.003787154290217825
5  32.0  0.0  4.575294105336152  0.005665035373289442
6  64.0  0.0  4.575294105336161  0.005665035373290059
7  128.0  0.0  6.435955635219922  0.005958703125209096
8  256.0  0.0  6.435955635219935  0.005958703125209724
Numero de qubits: 55 
Layer   D  var(D)  Renyi  var(Renyi)
1  2.0  0.0  0.9064569982200682  6.177520747650197e-15
2  4.0  0.0  0.9064569982200833  1.030990187139886e-14
3  8.0  0.0  2.7306203434351337  0.0035175087899382493
4  16.0  0.0  2.730620343435148  0.0035175087899388434
5  32.0  0.0  4.573806966488768  0.004459785218236744
6  64.0  0.0  4.573806966488779  0.0044597852182370525
7  128.0  0.0  6.435596027764835  0.003907782450912576
8  256.0  0.0  6.435596027764847  0.003907782450913227
Numero de qubits: 56 
Layer   D  var(D)  Renyi  var(Renyi)
1  2.0  0.0  3.6999576119062783e-14  4.82804306229551e-15
2  4.0  0.0  1.81513818991397  0.0030288109110910167
3  8.0  0.0  1.815138189913982  0.003028810911091549
4  16.0  0.0  3.6506281236085796  0.003937053984418114
5  32.0  0.0  3.6506281236085933  0.003937053984419456
6  64.0  0.0  5.502945121665501  0.0050371807522433054
7  128.0  0.0  5.502945121665514  0.005037180752242539
8  256.0  0.0  7.367752658359341  0.0063056929071325955
Numero de qubits: 57 
Layer   D  var(D)  Renyi  var(Renyi)
1  2.0  0.0  3.530176007204084e-14  6.361524343140731e-15
2  4.0  0.0  1.815522940429323  0.002619152954208588
3  8.0  0.0  1.8155229404293354  0.0026191529542097416
4  16.0  0.0  3.6495670575524057  0.004135929574658579
5  32.0  0.0  3.6495670575524173  0.004135929574657411
6  64.0  0.0  5.501561888723936  0.004045053587390638
7  128.0  0.0  5.501561888723947  0.004045053587390086
8  256.0  0.0  7.368289959171989  0.00439870378788493
Numero de qubits: 58 
Layer   D  var(D)  Renyi  var(Renyi)
1  2.0  0.0  0.9064569982200691  5.436182977444739e-15
2  4.0  0.0  0.9064569982200809  1.2848091628742852e-14
3  8.0  0.0  2.730754601478356  0.004495355198403111
4  16.0  0.0  2.7307546014783686  0.004495355198399109
5  32.0  0.0  4.573529334190568  0.0066620336021712395
6  64.0  0.0  4.57352933419058  0.006662033602172949
7  128.0  0.0  6.434468613737172  0.00794746534544969
8  256.0  0.0  6.434468613737184  0.007947465345450825
Numero de qubits: 59 
Layer   D  var(D)  Renyi  var(Renyi)
1  2.0  0.0  0.9064569982200709  4.857527069637297e-15
2  4.0  0.0  0.9064569982200815  1.0560520544842396e-14
3  8.0  0.0  2.730324620670621  0.0038034161386946413
4  16.0  0.0  2.7303246206706313  0.0038034161386946486
5  32.0  0.0  4.576965324753006  0.0034418322865493838
6  64.0  0.0  4.57696532475302  0.003441832286548842
7  128.0  0.0  6.435579783287828  0.005871721508095593
8  256.0  0.0  6.4355797832878405  0.005871721508095642
Numero de qubits: 60 
Layer   D  var(D)  Renyi  var(Renyi)
1  2.0  0.0  3.937011173188588e-14  3.9363060434287344e-15
2  4.0  0.0  1.815244713704498  0.0028993677218881846
3  8.0  0.0  1.815244713704513  0.0028993677218839367
4  16.0  0.0  3.650224018159873  0.004580691659352577
5  32.0  0.0  3.6502240181598844  0.004580691659353167
6  64.0  0.0  5.504525209815593  0.005158687389388941
7  128.0  0.0  5.504525209815601  0.005158687389388916
8  256.0  0.0  7.3719112976273395  0.007294794508187988
