Numero de qubits: 20 
Layer   Time var(Time)
1  0.0387811067  0.10179351963515572
2  0.0048467405  0.0004492813655030109
3  0.004925437600000001  0.00045369917061929913
4  0.0059767335  0.0006959524833681176
5  0.0080336825  0.0005747692668908541
6  0.015359694699999999  0.0016355351156339655
7  0.067511707  0.0369464008279375
8  0.13508985169999999  0.03701223268672255
9  0.5103651725999999  0.003966765121858419
10  1.2381208886000001  0.03873785372396095
11  2.7341027016  0.10553591607087749
12  1.9407597206000002  0.03724695764441663
13  2.7451453705  0.10111964401004359
Total= 9.449018808099998
Varianza= 0.21881180941266065

Numero de qubits: 21 
Layer   Time var(Time)
1  0.05997415560000001  0.16496746133451004
2  0.0047987845  0.0007215058369675536
3  0.0047807956  0.00037750519956292
4  0.005650337699999999  0.00042090625359931394
5  0.0077738271  0.0005591558708879754
6  0.014931792599999999  0.0012638659803584555
7  0.048972115600000005  0.003966788744303412
8  0.12805624129999998  0.0014671612945737766
9  0.5389812142  0.0052574406532041994
10  1.356012387  0.0109455728268875
11  3.2378541920000004  0.06883510596625106
12  4.2988543874000005  0.061311529741140715
13  4.1922348950999995  0.0836621356538162
Total= 13.898875125699998
Varianza= 0.18519539235395077

Numero de qubits: 22 
Layer   Time var(Time)
1  0.005160134700000001  0.00025362077914124076
2  0.004933259400000001  0.00047063469777550404
3  0.0051866314999999994  0.0005065420710664121
4  0.0060048194999999995  0.0005407940184527285
5  0.0087647052  0.0013636733935256493
6  0.015474447400000002  0.0007562383484524174
7  0.1351768606  0.06045427861710763
8  0.16512236000000002  0.03697893355963944
9  0.6236801774  0.04057793425840923
10  1.9084729476  0.01492107319068181
11  6.2294527552  0.05551825600384484
12  17.754363209300003  0.14939466837323248
13  10.729633154799998  0.2724258820533779
Total= 37.59142546259999
Varianza= 0.321193414894332

Numero de qubits: 23 
Layer   Time var(Time)
1  0.0050617262  0.0003806682444724803
2  0.004768819499999999  0.0005927927728077072
3  0.0050551134  0.000584057384254698
4  0.1349161747  0.001427038653388199
5  0.0075784055000000005  0.00012404243250456687
6  0.0144260911  0.00014470325099281614
7  0.05628315610000001  0.00031391201800136604
8  0.166657901  0.0006746302944088709
9  0.6601016832000001  0.0033338793974643857
10  2.0116978966000003  0.008614884292408115
11  6.8579656078  0.13014084885093227
12  22.106147458299997  0.12853995788003308
13  30.049919255500004  0.09442527339266141
Total= 62.080579288900005
Varianza= 0.21250996703753355

Numero de qubits: 24 
Layer   Time var(Time)
1  0.006022393900000001  0.0003270254853486039
2  0.0060766599  0.0006465617518524352
3  0.006376693700000001  0.0006459968498290143
4  0.0075267042000000004  0.0006544634268937876
5  0.0108972877  0.0007502201800337085
6  0.0178131548  0.0006577331651604313
7  0.0735126768  0.004222027555867485
8  0.190560409  0.040360392779462115
9  0.6295140443  0.0908171606890116
10  2.520608714  0.04513290881398045
11  9.692501594900001  0.11497931472836037
12  41.3648631361  0.18344765959748408
13  105.70339845609999  0.2103159108995669
Total= 160.22967192540005
Varianza= 0.30936859893484875

Numero de qubits: 25 
Layer   Time var(Time)
1  0.006169681200000001  0.00018825230767074294
2  0.006068584100000001  0.0005337416226949984
3  0.0065622988  0.00048452587342551684
4  0.0074293702  0.000557888811163981
5  0.009990492600000001  0.0004880069224091398
6  0.0179199955  0.000287160249755864
7  0.0761182665  0.0005128158495565932
8  0.1816635264  0.0007082956734988816
9  0.6193244508  0.0025023650351681287
10  2.4613615662  0.02993020358363181
11  10.429816263600001  0.05822369643023809
12  45.433096803299996  0.12270573122533247
13  132.4263369715  0.2485490046364592
Total= 191.6818582707
Varianza= 0.32420096147613975

Numero de qubits: 26 
Layer   Time var(Time)
1  0.006645103599999999  0.0003642956695282556
2  0.006626631700000001  0.0005788025403066318
3  0.006964177699999999  0.0006009499792620098
4  0.0080082533  0.0006944011264125442
5  0.0112883091  0.001200734191289017
6  0.0200488121  0.0012743915016652809
7  0.071473722  0.00235979270280595
8  0.22595637290000004  0.007883821874823027
9  0.7313014434  0.02925781412092979
10  2.5462670488  0.023843452007312665
11  13.6207325962  0.18924467138419732
12  64.790660815  0.23957394965659592
13  229.6975698184  0.47441532992675817
Total= 311.74354310419994
Varianza= 0.6638114437551869

Numero de qubits: 27 
Layer   Time var(Time)
1  0.008061041100000003  0.0007866277717427031
2  0.0070755443  0.000796995915967836
3  0.0074294173  0.0008377052605685428
4  0.0085380851  0.0009311496248525743
5  0.0121542951  0.0014591532406238526
6  0.0204683171  0.0011291695913815114
7  0.0736945711  0.0035426637969799917
8  0.21720482999999996  0.006517273932482107
9  0.8130037025  0.004766885398714123
10  3.6754421649  0.04158521800320056
11  13.8697227704  0.169184456224624
12  68.84922837650001  0.3036754568514999
13  256.52028279150005  0.8083841631482113
Total= 344.08230590690005
Varianza= 1.0545644871791389

Numero de qubits: 28 
Layer   Time var(Time)
1  0.007831078199999997  0.0006697731007429011
2  0.0073188055  0.0005782340225459326
3  0.007678855  0.0005888402571149495
4  0.008690067899999999  0.0006153650885507641
5  0.011680574899999999  0.0005895729193606926
6  0.021399548799999994  0.0005465752211600528
7  0.0985448811  0.0007184662141745352
8  0.2324972527  0.007999362061697261
9  0.8417355253000001  0.02097992283905057
10  3.0113393125  0.029609059788263663
11  16.1099812571  0.13125114159690018
12  87.45374677929999  0.5573234100871365
13  354.0747961206  1.097615499232651
Total= 461.8872400589001
Varianza= 1.432760121058023

Numero de qubits: 29 
Layer   Time var(Time)
1  0.0079340535  0.0008671446779936151
2  0.007680732399999999  0.0008904344840626066
3  0.0080557434  0.0009192714238223878
4  0.009431792100000001  0.0010001695486940654
5  0.013509789599999999  0.001551225617200554
6  0.0226791842  0.0015451371991930557
7  0.10299802170000001  0.0026645516959283456
8  0.2381458454  0.006885246008269125
9  0.8521348346  0.00372456724747432
10  3.1061585465999997  0.029497749058781393
11  16.503755293800005  0.13304053076458525
12  90.94723690449999  0.34951093873858824
13  379.11845583329995  0.9519365220263967
Total= 490.9381765751
Varianza= 1.0287365461814852

Numero de qubits: 30 
Layer   Time var(Time)
1  0.0090055966  0.0006927454423788296
2  0.0081766836  0.00036136077405280175
3  0.0085450594  0.00046212088121944887
4  0.009545921600000002  0.0006812608557985991
5  0.0125879188  0.0005650274014762118
6  0.0234366118  0.0008737602632105442
7  0.08770578050000001  0.000690311691072412
8  0.3019628608999999  0.027036805747958394
9  1.5322548453  0.020712154343682287
10  4.592229135599999  0.04674042917295236
11  20.064855571900004  0.20678180852765485
12  111.59862629950001  0.39794850087787886
13  478.5572899067  1.3608952654236788
Total= 616.8062221921999
Varianza= 1.6675839085291382

Numero de qubits: 31 
Layer   Time var(Time)
1  0.0085818771  0.0007256949132897999
2  0.0083523753  0.0008679889273221233
3  0.0088123672  0.0008317331384035145
4  0.010510546  0.0009775556314344468
5  0.014810424900000002  0.0011932426834925449
6  0.025230560100000004  0.0012700720808486773
7  0.09285483110000001  0.0035902960547021033
8  0.27853097839999996  0.023269358781241707
9  0.9811492714  0.02005040030773244
10  3.6150620156000004  0.04706393313402608
11  19.497728521700004  0.08289173554936491
12  113.77666880710001  0.4688070634076256
13  506.4276716705  1.2912685767565084
Total= 644.7459642463998
Varianza= 1.766806655241368

Numero de qubits: 32 
Layer   Time var(Time)
1  0.008650983899999999  0.0005600181462873235
2  0.0085273469  0.0007611264571762632
3  0.0089635721  0.0007461218414681946
4  0.010658113600000001  0.0009297886158414935
5  0.0140414607  0.0013667097313237403
6  0.025402416  0.0011680750638207288
7  0.09777281100000002  0.0032718977380745253
8  0.28419129060000003  0.0038227301598883026
9  1.0661868278000002  0.005621825179450064
10  3.9954551801999996  0.024003384858738385
11  21.705788779799995  0.09654651252791545
12  133.2880571124  1.1416083241135366
13  600.6936420756001  3.4058840125982037
Total= 761.2073379706001
Varianza= 3.400841320604167

Numero de qubits: 33 
Layer   Time var(Time)
1  0.0085715924  0.0006980264068429216
2  0.0084832036  0.0008901686364065182
3  0.0089241164  0.0009198366876762636
4  0.010514485899999999  0.0010973883179638327
5  0.013594757300000001  0.0010208083675895343
6  0.0254914951  0.0006779995204849999
7  0.0973574908  0.0010489064628750075
8  0.28995187959999996  0.0016779913896624336
9  1.0851890731  0.0030168713461959282
10  4.098614964799999  0.02546082363277431
11  22.0881922321  0.2127825365880083
12  136.7995854363  0.8888632165500796
13  624.9843242359  2.1529794555623263
Total= 789.5187949633001
Varianza= 2.8573062009817094

