Numero de qubits: 15 
Layer   Time var(Time)
1  0.04406461635  0.13113762340355478
2  0.0033495361499999996  0.0004249011092567629
3  0.0037937085999999996  0.0006459876766114352
4  0.0037290667000000007  0.00029387733544577744
5  0.00518075405  0.000495696010672819
6  0.010839865199999998  0.0024500461514317356
7  0.025676125  0.0020296256558150574
8  0.06171500820000001  0.05409795828022675
9  0.08887029085  0.07267448473938545
10  0.05964261634999999  0.004556913682124255
11  0.06362296375000001  0.00778797233190523
12  0.06970083105000001  0.04343671598102601
13  0.07065755139999999  0.035006826625969885
14  0.06846891020000001  0.040563032111041494
15  0.07110994614999999  0.04493261111890624
Total= 0.65042179
Varianza= 0.21070271224131698

Numero de qubits: 16 
Layer   Time var(Time)
1  0.0037678493499999992  0.0003359619417175515
2  0.0036370813500000002  0.0004559115992461998
3  0.004182161750000001  0.0007037385487339651
4  0.0043988331  0.0005851827584355934
5  0.006019480750000001  0.0008133581398545709
6  0.011036561700000001  0.0010979524866942148
7  0.031655741  0.0017975088432432263
8  0.07087219460000002  0.003901783360926608
9  0.19097849884999998  0.07797433260219137
10  0.10818946635  0.009741617102833078
11  0.17189952515  0.06850941710914306
12  0.10428333825  0.006874595568829087
13  0.18091793244999999  0.07647115604342024
14  0.10576918449999999  0.006605405974718583
15  0.170912068  0.06558957559642865
Total= 1.1685199171500005
Varianza= 0.10778590592980519

Numero de qubits: 17 
Layer   Time var(Time)
1  0.0039127353  7.694165907237765e-5
2  0.0035857843  0.0001645142669114445
3  0.0038026715000000003  0.00017302654484572594
4  0.00454134015  0.0006125574052242186
5  0.00623540185  0.0008167796495091731
6  0.012099573549999998  0.0019152202935841995
7  0.03321705315  0.001810760993461265
8  0.0782765759  0.006949490841479201
9  0.2094361839  0.07099598587921552
10  0.20778119815  0.03686930792319485
11  0.28102878445  0.0828802962493749
12  0.26085153559999996  0.07974619159994721
13  0.20721975475  0.03603048742321
14  0.26346331265  0.07966177043038937
15  0.24409738365000005  0.07362697729538879
Total= 1.8195492888500013
Varianza= 0.09637464496625213

Numero de qubits: 18 
Layer   Time var(Time)
1  0.00451933805  0.00044629746958373785
2  0.00418709545  0.0006336530726640939
3  0.004260592299999999  0.0004087839694142983
4  0.00503938985  0.0007334751587964841
5  0.007397898300000001  0.0012331322474209774
6  0.0134488906  0.0016673220835174412
7  0.042137638100000006  0.002209660267873071
8  0.1503365175  0.206221069476028
9  0.4353917441500001  0.03295698486138233
10  0.6639335684499998  0.03553772732824181
11  0.4034960556499999  0.03272634462723419
12  0.6510053451  0.048378383768579246
13  0.45408727944999994  0.07490763755045267
14  0.7181360618499999  0.23157899581278635
15  0.5559925774000001  0.01335678850913144
Total= 4.113369992200001
Varianza= 0.31134537271345825

Numero de qubits: 19 
Layer   Time var(Time)
1  0.004727436350000001  0.0006040538954417291
2  0.004688135249999999  0.0007513880496578899
3  0.004732334849999999  0.0008708066137990268
4  0.0054697235500000005  0.0008070674290335644
5  0.00784265135  0.0011732663191328845
6  0.022115587000000003  0.015180112149917983
7  0.11255102994999999  0.07623801629794268
8  0.14633011845000002  0.06541232193308334
9  0.34689329305000005  0.07347904141672273
10  0.8303401106499999  0.06841500749840645
11  0.9588716916500001  0.06226894786011597
12  1.0295674537  0.2968785711814703
13  0.9443058901999999  0.06299599430066082
14  0.9559649250999998  0.10395750055297101
15  0.9435138688  0.06084190933723589
Total= 6.317914249899998
Varianza= 0.3704432935309593

Numero de qubits: 20 
Layer   Time var(Time)
1  0.0051526424999999995  0.0003717901069956676
2  0.01229386965  0.03249571096770459
3  0.005368924  0.0008451671097400205
4  0.0057102001999999995  0.0006646093916383969
5  0.0083555196  0.0008938152020914277
6  0.015028974599999998  0.0009342201720009799
7  0.0503537561  0.0038787716718334427
8  0.13768552605  0.005210348516476238
9  0.5305918752500001  0.0716816746919919
10  1.3368064809999998  0.06356460784134167
11  2.82635859835  0.18242237134858896
12  2.0239014389  0.06945017776948507
13  2.88919549075  0.5852581724644506
14  2.0621257039000005  0.14097770107621818
15  2.7215222773  0.16869469754466354
Total= 14.63045127815
Varianza= 0.719847526142154

