Numero de qubits: 15 
Layer   Time var(Time)
1  0.059707418849999985  0.24617744057835722
2  0.0031016276500000005  0.0002505100100663194
3  0.0035816352999999993  0.0006872695519441482
4  0.00356593575  0.00021204756983820287
5  0.004781418850000001  0.0002768133114075756
6  0.008963308649999998  0.0013320199451511332
7  0.021214978350000004  0.0014597873292585557
8  0.039880770350000004  0.001878154902541541
9  0.050581295850000006  0.006448426226269749
10  0.057085271300000004  0.02906017730550742
11  0.05689576220000001  0.03724240950196531
12  0.054575905699999996  0.028425617832839423
13  0.050817258  0.0073492904798551925
14  0.0558309885  0.03401220931935934
15  0.04821709679999999  0.0024417066348919477
Total= 0.5188006721000001
Varianza= 0.25275531017952013

Numero de qubits: 16 
Layer   Time var(Time)
1  0.0036645244499999992  0.00029743706476017325
2  0.00339487795  0.000396247371163201
3  0.00396942575  0.0007464529815028455
4  0.004161119100000001  0.0005877148458637828
5  0.005807110649999999  0.0010781013954683611
6  0.0114235025  0.005269089384535998
7  0.03482226110000001  0.0293816383907798
8  0.077343135  0.04497800017824428
9  0.13726153185000003  0.043812106170383044
10  0.11424703750000005  0.05255140782910859
11  0.14904332199999998  0.0570016324750214
12  0.10741137150000002  0.04368534514364689
13  0.1288017836  0.03303750542133233
14  0.11484309960000001  0.055721664685831944
15  0.13718543095  0.04652266044088268
Total= 1.0333795334999993
Varianza= 0.10455468701682544

Numero de qubits: 17 
Layer   Time var(Time)
1  0.003953965050000001  0.00027781666347385914
2  0.0037258973000000003  0.00040085304056874764
3  0.003968621550000001  0.0005147242319642116
4  0.004700521000000001  0.0009143638441608461
5  0.0061353677999999995  0.0007583714430872645
6  0.0126375095  0.005506612556251788
7  0.036776684049999994  0.029101118716582365
8  0.08595895070000001  0.04694578363657549
9  0.1810003741  0.06078310213780043
10  0.21986888199999996  0.06767096439195633
11  0.23944782565000003  0.07171205956005408
12  0.20638114899999999  0.058919198386297146
13  0.21587407235000003  0.06348993846671612
14  0.21566150779999993  0.06408665799919841
15  0.20411852485000007  0.055501430462726445
Total= 1.6402098526999993
Varianza= 0.12193945695794828

Numero de qubits: 18 
Layer   Time var(Time)
1  0.0044295054  0.0003793222454916664
2  0.00401142755  0.0002813432677499988
3  0.0043178756500000005  0.0006676617082916523
4  0.0054329932  0.0011973422543248276
5  0.006607675799999999  0.0007803140494720442
6  0.01188225925  0.0009774697382342777
7  0.037763986650000005  0.00267140436720685
8  0.09406544890000001  0.003858375132780765
9  0.3766550757  0.054757933881709506
10  0.5822943301500001  0.055701837755364456
11  0.3558876107999999  0.005712766367698537
12  0.60202628745  0.012675799459050837
13  0.4712625833  0.06235455226611205
14  0.6099804290499999  0.011392648872159497
15  0.5102571575500001  0.009466796601112671
Total= 3.676874646399999
Varianza= 0.09994325117724841

Numero de qubits: 19 
Layer   Time var(Time)
1  0.004490509700000001  0.0001665674901231029
2  0.0042191751999999996  0.000375579587154254
3  0.0044365731  0.0006242886331432681
4  0.0057018541  0.0010041730249435554
5  0.00705360665  0.001078186574523365
6  0.012843818100000001  0.001364285796812197
7  0.0474428813  0.034597961510608684
8  0.13385019225  0.057404453491494756
9  0.35525998955  0.07204738835905848
10  0.7286189203500001  0.014328416424908551
11  0.88645925085  0.06551421000099576
12  0.8825134226  0.06662726523084136
13  0.88249120965  0.06295565054680062
14  0.8809855431999999  0.057154300147594046
15  0.8704017661  0.05679384526931035
Total= 5.7067687127
Varianza= 0.12166594668180448

Numero de qubits: 20 
Layer   Time var(Time)
1  0.005062749050000001  0.0003137904956317948
2  0.0115745115  0.02968064625093193
3  0.00494674995  0.00047992523514214954
4  0.0057162015  0.0005007522951600422
5  0.007943962149999999  0.0006527246395602264
6  0.0156902928  0.00142865765394529
7  0.044137903949999995  0.0025069435567695074
8  0.12162176390000001  0.002364165969115366
9  0.5053881527499999  0.047323626842183525
10  1.21772773725  0.07270706758083918
11  2.6759064249  0.05832659834045733
12  1.9237438554000004  0.06134305432022795
13  2.6947325548000007  0.12817462713372157
14  1.93666816475  0.02202082216279143
15  2.6962553368000006  0.11897443638271013
Total= 13.867116361449998
Varianza= 0.327763111088652

