Numero de qubits: 20 
Layer   Time var(Time)
1  0.11664996020000004  0.33526086540829253
2  0.0047212142  0.00046245208558872347
3  0.0050460914  0.00048326083790644573
4  0.008848960299999998  0.008914899711755126
5  0.0081061482  0.0006682719200284866
6  0.0253462456  0.016459295495173214
7  0.10019586729999999  0.06150399772404515
8  0.1199762075  0.004592504948033811
9  0.5010042229  0.03892025927686137
10  1.2230588722999998  0.056609665431403285
11  2.7400046937999996  0.0767035603990329
12  1.9371846451000003  0.06048961320424655
13  2.6766318410000003  0.1763918084597103
14  1.9464591988  0.03168724546490259
Total= 11.4132341686
Varianza= 0.43553397166575286

Numero de qubits: 21 
Layer   Time var(Time)
1  0.0049845697  0.00016565434882130325
2  0.0046017796  0.0004174230240880826
3  0.014963171800000003  0.012438839554909573
4  0.0056412552  0.0004342720036260223
5  0.0079602629  0.0006550098566799511
6  0.0797104519  0.065411056994505
7  0.0457077744  0.0007653475096840905
8  0.12826241640000002  0.0040531366756948435
9  0.48627346279999994  0.07174231945441711
10  1.3746069299  0.04190408506798893
11  3.3110347550999997  0.07198118823504566
12  4.3063435148  0.024432880510089277
13  4.2364567267  0.01818059110444823
14  4.2797681841  0.03895348520623638
Total= 18.286315255299996
Varianza= 0.11089879500437652

Numero de qubits: 22 
Layer   Time var(Time)
1  0.005371389  0.00030783567029894375
2  0.018768288900000003  0.04046849027578916
3  0.0054572358  0.0006732811378486406
4  0.0065039016000000005  0.0007228040933398481
5  0.0093875432  0.0010717591009055906
6  0.0163757393  0.0008821599208763739
7  0.05864963419999998  0.0038051463764599064
8  0.1512829004  0.004180195737420395
9  0.5145820151  0.04137237177316535
10  1.9271128204  0.01344070337798336
11  6.1773941329  0.06560847542086529
12  17.7255439325  0.10356400452503058
13  10.885605464  0.1743708768441264
14  15.079883221100001  2.680172454094509
Total= 52.58191821839999
Varianza= 3.0518948462192856

Numero de qubits: 23 
Layer   Time var(Time)
1  0.005840861899999999  0.00020648031776004719
2  0.0059407136  0.000428266603766439
3  0.0062587617  0.00046336608907990875
4  0.0072569257  0.0004749700667132719
5  0.010269510400000001  0.0006656170880605754
6  0.0172168245  0.00043509083494260134
7  0.19319876760000002  0.0008450990455556342
8  0.16525241110000002  0.0006775627666642278
9  0.6660084719  0.006554052106516074
10  1.9734861489  0.05116088441069481
11  6.847840578000001  0.11086692336690292
12  22.014726957499995  0.11340680143960419
13  29.7281858628  0.0973916339203621
14  29.0296177076  0.0842701663393519
Total= 90.67110050319998
Varianza= 0.2823000248807253

Numero de qubits: 24 
Layer   Time var(Time)
1  0.0064662873999999995  0.0004631745662208148
2  0.006585619700000001  0.00011246674167508363
3  0.006877681700000001  7.801070222995048e-5
4  0.0080828272  7.708396517668236e-5
5  0.0115908363  9.8695927733671e-5
6  0.0191640431  0.0004664594709006241
7  0.0655002542  0.0020215949051845578
8  0.1782177324  0.0028840163868899264
9  0.5977245945  0.005455763557484287
10  2.3447982188000003  0.030490792279097654
11  9.650915438899998  0.06656342567406347
12  41.1205761597  0.13023408019266167
13  104.75573534749999  0.4496298901174511
14  71.5745055844  0.3816389309302327
Total= 230.34674062579998
Varianza= 0.5921902871947495

Numero de qubits: 25 
Layer   Time var(Time)
1  0.0067535923  0.00012990089778754416
2  0.0068510152  4.08465005766712e-5
3  0.0072282074000000005  5.399016722737575e-5
4  0.008423792800000001  4.282579803763132e-5
5  0.012252274  0.00014316991283017536
6  0.020421977499999997  0.0006006870473248527
7  0.0684403056  0.00284422072950097
8  0.18579441179999998  0.004154438862443827
9  0.6193598372  0.005326835995465341
10  2.311803555  0.014906449850083723
11  10.2788249296  0.07299286002328485
12  44.9752315987  0.2124134793570795
13  131.1627156692  0.2579228108070688
14  170.3408309756  0.43779968184188717
Total= 360.00493214190004
Varianza= 0.5404894165525603

Numero de qubits: 26 
Layer   Time var(Time)
1  0.008680444  6.788910615408033e-5
2  0.0075215740000000005  2.2632821026111704e-5
3  0.0078547483  5.042084605805442e-5
4  0.0091959154  5.2176245660645346e-5
5  0.0135214789  0.00011066590365460385
6  0.0232844279  0.00024836913531010646
7  0.0802829682  0.0008531237890765674
8  0.2329319716  0.004277880806779692
9  0.8206517858000002  0.003788507585357816
10  3.589219645  0.021213984607874256
11  13.2104210578  0.1979739549560852
12  64.3665415047  0.4347422804639754
13  228.06333884650002  1.1032923359405422
14  529.3413124217999  2.506536453671952
Total= 839.7747587899
Varianza= 3.5102701904473466

Numero de qubits: 27 
Layer   Time var(Time)
1  0.0090596241  8.52862770490657e-5
2  0.0078838604  5.620362245300562e-5
3  0.0082793639  5.920992891981893e-5
4  0.009647603599999999  6.804454120383221e-5
5  0.014059979200000003  9.658549655905905e-5
6  0.023936058399999998  0.0002655793381952742
7  0.08222164209999999  0.001548232536676093
8  0.24354036240000002  0.005121759376979949
9  0.8311103778  0.01840017807805257
10  2.6373651862000003  0.01580718171823894
11  13.471606869999997  0.14793583348129452
12  66.9888447695  0.6533589790108572
13  252.04162417079996  0.9587847814884353
14  668.2371176309  3.2213637017670065
Total= 1004.6062974992999
Varianza= 4.002822156415502

