Numero de qubits: 20 
Layer   Time var(Time)
1  0.047861088399999994  0.13216920838176954
2  0.00538555425  0.0016067935221226429
3  0.00568264245  0.0020154852970312004
4  0.005837981700000001  0.0005109220806206264
5  0.00781722415  0.0005250440036470538
6  0.0140176572  0.0009167477607694282
7  0.0495305477  0.0040631454319687114
8  0.12990812965  0.00626738582380872
9  0.5337970777500001  0.03644451986588681
10  1.3174310729499998  0.08789918579584878
11  3.0196929060500004  0.1851807166957425
12  2.1486488553500003  0.16751043192285614
13  3.0411986759499996  0.2528476920452534
14  2.1589859755  0.19292601524098646
15  2.9996514541999995  0.27634099588464506
16  2.1313862395499994  0.1661042686345715
17  2.9854856988000003  0.26993920839629193
Total= 20.60231878159999
Varianza= 1.2639501395962298

Numero de qubits: 21 
Layer   Time var(Time)
1  0.0056253418  0.00038130047062069037
2  0.00594714365  0.0007757344427310982
3  0.0056868275  0.000736168614215215
4  0.0065177546  0.0006473225191379025
5  0.009254524850000001  0.000823883222217037
6  0.015113807999999998  0.0007019800133024446
7  0.0552126382  0.004283073979900249
8  0.14499676894999997  0.005713983194515073
9  0.5991810316999999  0.02074859943024731
10  1.5467326828000003  0.07736329631026817
11  3.80485612365  0.15769545208604965
12  5.1170739013  0.20733241674684635
13  4.9341603819  0.19324978631485415
14  5.09976274595  0.18477185287724707
15  4.925828126600001  0.1630434755950065
16  5.0525565315  0.10372619399097455
17  4.91131051805  0.13798887844289984
Total= 36.23981685100001
Varianza= 1.1159085239254267

