Numero de qubits: 20 
Layer   D  var(D)  Renyi  var(Renyi)
1  2.0  0.0  1.4159145146862008e-14  2.864515371878657e-15
2  4.0  0.0  1.8174753585408527  0.003966435509047586
3  8.0  0.0  1.817475358540856  0.00396643550904737
4  16.0  0.0  3.6534382454941983  0.00513551739338298
5  32.0  0.0  3.653438245494203  0.005135517393383273
6  64.0  0.0  5.505729703426615  0.005139408354526775
Numero de qubits: 21 
Layer   D  var(D)  Renyi  var(Renyi)
1  2.0  0.0  1.355049411113717e-14  3.4219733038108483e-15
2  4.0  0.0  1.8151966108917026  0.0031495748739285494
3  8.0  0.0  1.8151966108917073  0.0031495748739302984
4  16.0  0.0  3.651473830976351  0.0057739770371480524
5  32.0  0.0  3.651473830976353  0.005773977037147682
6  64.0  0.0  5.504630823165847  0.005328062936439435
Numero de qubits: 22 
Layer   D  var(D)  Renyi  var(Renyi)
1  2.0  0.0  0.9064569982200457  3.109813766119097e-15
2  4.0  0.0  0.9064569982200504  6.880203557417509e-15
3  8.0  0.0  2.728999082745846  0.0029271465435707312
4  16.0  0.0  2.7289990827458532  0.002927146543570363
5  32.0  0.0  4.573536797718514  0.005037750430851686
6  64.0  0.0  4.573536797718516  0.005037750430851006
Numero de qubits: 23 
Layer   D  var(D)  Renyi  var(Renyi)
1  2.0  0.0  0.906456998220048  4.007351506854299e-15
2  4.0  0.0  0.9064569982200508  7.965608424709572e-15
3  8.0  0.0  2.7295794531722075  0.003591251715505727
4  16.0  0.0  2.7295794531722115  0.003591251715507251
5  32.0  0.0  4.573628753562313  0.004754470500134042
6  64.0  0.0  4.573628753562319  0.004754470500133073
Numero de qubits: 24 
Layer   D  var(D)  Renyi  var(Renyi)
1  2.0  0.0  1.6305440904418027e-14  4.119736013890043e-15
2  4.0  0.0  1.8153844554496366  0.003077183805435181
3  8.0  0.0  1.8153844554496446  0.0030771838054333266
4  16.0  0.0  3.6506155214841507  0.005039392462339745
5  32.0  0.0  3.6506155214841565  0.005039392462340315
6  64.0  0.0  5.5022905456123095  0.005483224739385273
Numero de qubits: 25 
Layer   D  var(D)  Renyi  var(Renyi)
1  2.0  0.0  1.665781781983767e-14  3.949449439519767e-15
2  4.0  0.0  1.8164393288301675  0.003557891777747571
3  8.0  0.0  1.8164393288301746  0.0035578917777498525
4  16.0  0.0  3.6515485874650517  0.006124052457275238
5  32.0  0.0  3.65154858746506  0.0061240524572748365
6  64.0  0.0  5.504426335529946  0.006104236624614186
Numero de qubits: 26 
Layer   D  var(D)  Renyi  var(Renyi)
1  2.0  0.0  0.9064569982200494  3.5132024818956587e-15
2  4.0  0.0  0.9064569982200521  9.952237604113853e-15
3  8.0  0.0  2.7293962578529225  0.004685698614710379
4  16.0  0.0  2.729396257852929  0.004685698614711668
5  32.0  0.0  4.575784645944402  0.00559798243102681
6  64.0  0.0  4.575784645944406  0.005597982431026502
Numero de qubits: 27 
Layer   D  var(D)  Renyi  var(Renyi)
1  2.0  0.0  0.9064569982200499  4.418841058124478e-15
2  4.0  0.0  0.9064569982200533  5.752358949692763e-15
3  8.0  0.0  2.731281377253785  0.004413146412465713
4  16.0  0.0  2.7312813772537896  0.004413146412466138
5  32.0  0.0  4.574735896979464  0.004171653091844952
6  64.0  0.0  4.574735896979471  0.0041716530918441234
Numero de qubits: 28 
Layer   D  var(D)  Renyi  var(Renyi)
1  2.0  0.0  1.8900216372508146e-14  4.53711961258245e-15
2  4.0  0.0  1.8149591509108465  0.0027238689830855023
3  8.0  0.0  1.8149591509108542  0.0027238689830835724
4  16.0  0.0  3.6513702720781476  0.004428294337717221
5  32.0  0.0  3.651370272078154  0.004428294337717574
6  64.0  0.0  5.503733473700356  0.005028341725007735
Numero de qubits: 29 
Layer   D  var(D)  Renyi  var(Renyi)
1  2.0  0.0  1.8804113577393692e-14  3.608798939641586e-15
2  4.0  0.0  1.8151306605113002  0.0033592514361485046
3  8.0  0.0  1.8151306605113064  0.00335925143615029
4  16.0  0.0  3.6510510469575563  0.0038496582908620477
5  32.0  0.0  3.6510510469575643  0.003849658290861225
6  64.0  0.0  5.502184682808985  0.007490490432419438
Numero de qubits: 30 
Layer   D  var(D)  Renyi  var(Renyi)
1  2.0  0.0  0.9064569982200499  4.498184736239359e-15
2  4.0  0.0  0.9064569982200569  6.008809686902755e-15
3  8.0  0.0  2.7300613325648344  0.004488774056144265
4  16.0  0.0  2.730061332564844  0.0044887740561436445
5  32.0  0.0  4.574599393759394  0.004908764742353967
6  64.0  0.0  4.5745993937594  0.004908764742355201
Numero de qubits: 31 
Layer   D  var(D)  Renyi  var(Renyi)
1  2.0  0.0  0.9064569982200521  3.4595518562958465e-15
2  4.0  0.0  0.9064569982200595  6.213282590487355e-15
3  8.0  0.0  2.7308017363156223  0.004494583321642899
4  16.0  0.0  2.730801736315633  0.004494583321642245
5  32.0  0.0  4.575759192557674  0.005777104093609087
6  64.0  0.0  4.5757591925576815  0.005777104093607995
Numero de qubits: 32 
Layer   D  var(D)  Renyi  var(Renyi)
1  2.0  0.0  2.2552122586857198e-14  3.0565456677447768e-15
2  4.0  0.0  1.8144142988238705  0.0023706003373271645
3  8.0  0.0  1.8144142988238752  0.002370600337327314
4  16.0  0.0  3.64894455070059  0.004231146950419867
5  32.0  0.0  3.648944550700598  0.004231146950422007
6  64.0  0.0  5.502111657950924  0.0065538040505139636
Numero de qubits: 33 
Layer   D  var(D)  Renyi  var(Renyi)
1  2.0  0.0  2.1815334490979754e-14  3.1221495965024555e-15
2  4.0  0.0  1.8143917957754894  0.002402373090270828
3  8.0  0.0  1.8143917957754987  0.0024023730902707143
4  16.0  0.0  3.6510804275307662  0.004325441346500153
5  32.0  0.0  3.651080427530772  0.0043254413465003815
6  64.0  0.0  5.50484039769737  0.004957608748115206
Numero de qubits: 34 
Layer   D  var(D)  Renyi  var(Renyi)
1  2.0  0.0  0.9064569982200548  3.3991685852806722e-15
2  4.0  0.0  0.9064569982200569  1.0020862196016837e-14
3  8.0  0.0  2.732185816243357  0.005167421375565085
4  16.0  0.0  2.732185816243364  0.00516742137556383
5  32.0  0.0  4.575218768588316  0.004279468466022403
6  64.0  0.0  4.57521876858832  0.004279468466022726
Numero de qubits: 35 
Layer   D  var(D)  Renyi  var(Renyi)
1  2.0  0.0  0.9064569982200548  3.5250236669269817e-15
2  4.0  0.0  0.9064569982200622  1.1952802567135855e-14
3  8.0  0.0  2.731050393630736  0.004200503763559316
4  16.0  0.0  2.731050393630742  0.004200503763558397
5  32.0  0.0  4.575701795895663  0.00459104979958686
6  64.0  0.0  4.575701795895669  0.004591049799588425
Numero de qubits: 36 
Layer   D  var(D)  Renyi  var(Renyi)
1  2.0  0.0  2.4217904368840987e-14  4.381088349912588e-15
2  4.0  0.0  1.8145857198072555  0.002091076411824948
3  8.0  0.0  1.8145857198072644  0.002091076411827599
4  16.0  0.0  3.649523100903153  0.004285592798385096
5  32.0  0.0  3.6495231009031586  0.004285592798383607
6  64.0  0.0  5.501541803317929  0.005007893203974309
Numero de qubits: 37 
Layer   D  var(D)  Renyi  var(Renyi)
1  2.0  0.0  2.184736875601791e-14  4.433708930393746e-15
2  4.0  0.0  1.8142876663533911  0.0021313550158353076
3  8.0  0.0  1.814287666353401  0.0021313550158351974
4  16.0  0.0  3.650868480419998  0.004421826574736435
5  32.0  0.0  3.650868480420006  0.004421826574735932
6  64.0  0.0  5.503167678609573  0.006222491533728918
Numero de qubits: 38 
Layer   D  var(D)  Renyi  var(Renyi)
1  2.0  0.0  0.9064569982200574  4.195776499726224e-15
2  4.0  0.0  0.9064569982200619  1.167575163707928e-14
3  8.0  0.0  2.7301074108852736  0.003448215631319676
4  16.0  0.0  2.730107410885284  0.0034482156313179056
5  32.0  0.0  4.573490676060176  0.004410483087218873
6  64.0  0.0  4.573490676060184  0.0044104830872189705
Numero de qubits: 39 
Layer   D  var(D)  Renyi  var(Renyi)
1  2.0  0.0  0.9064569982200581  4.139956009559871e-15
2  4.0  0.0  0.9064569982200643  1.3581594723977685e-14
3  8.0  0.0  2.7298327926057806  0.003932191728357463
4  16.0  0.0  2.7298327926057895  0.003932191728357735
5  32.0  0.0  4.574210412275887  0.00520417295394867
6  64.0  0.0  4.574210412275894  0.005204172953949928
Numero de qubits: 40 
Layer   D  var(D)  Renyi  var(Renyi)
1  2.0  0.0  2.6492337186549617e-14  5.268735862367058e-15
2  4.0  0.0  1.8142104702539747  0.0024238181541350544
3  8.0  0.0  1.8142104702539865  0.002423818154138979
4  16.0  0.0  3.6501773086390323  0.0029517092459051247
5  32.0  0.0  3.6501773086390408  0.002951709245905192
6  64.0  0.0  5.504343443696374  0.004086079817023965
Numero de qubits: 41 
Layer   D  var(D)  Renyi  var(Renyi)
1  2.0  0.0  2.591572041586292e-14  3.4411123407222136e-15
2  4.0  0.0  1.8146377632838515  0.002360345221064382
3  8.0  0.0  1.8146377632838617  0.002360345221068091
4  16.0  0.0  3.6499670540750984  0.0038754148677403954
5  32.0  0.0  3.6499670540751055  0.0038754148677403706
6  64.0  0.0  5.503328075366562  0.003640428752138617
Numero de qubits: 42 
Layer   D  var(D)  Renyi  var(Renyi)
1  2.0  0.0  0.9064569982200592  3.8992385606641965e-15
2  4.0  0.0  0.9064569982200631  1.3650303832001308e-14
3  8.0  0.0  2.730158033918716  0.003599262670709626
4  16.0  0.0  2.730158033918726  0.0035992626707087288
5  32.0  0.0  4.575291117999234  0.0045412329432417894
6  64.0  0.0  4.575291117999244  0.004541232943240741
Numero de qubits: 43 
Layer   D  var(D)  Renyi  var(Renyi)
1  2.0  0.0  0.9064569982200595  4.56678335174557e-15
2  4.0  0.0  0.9064569982200616  1.1204922782145135e-14
3  8.0  0.0  2.7293640353154625  0.0032020541537992058
4  16.0  0.0  2.729364035315474  0.0032020541537988805
5  32.0  0.0  4.574311635414135  0.004557798260655843
6  64.0  0.0  4.574311635414145  0.00455779826065581
Numero de qubits: 44 
Layer   D  var(D)  Renyi  var(Renyi)
1  2.0  0.0  3.120137414715765e-14  2.793417300406049e-15
2  4.0  0.0  1.814735777300734  0.0028063703337297637
3  8.0  0.0  1.8147357773007464  0.0028063703337288543
4  16.0  0.0  3.64923255931433  0.003601811524885343
5  32.0  0.0  3.6492325593143384  0.003601811524882481
6  64.0  0.0  5.502911404101221  0.005437939850752008
Numero de qubits: 45 
Layer   D  var(D)  Renyi  var(Renyi)
1  2.0  0.0  2.9631695160288307e-14  4.776759008558315e-15
2  4.0  0.0  1.8155733968561223  0.0034807026691145554
3  8.0  0.0  1.8155733968561338  0.0034807026691161067
4  16.0  0.0  3.6503833463714286  0.004460305706716691
5  32.0  0.0  3.6503833463714357  0.004460305706715188
6  64.0  0.0  5.502772429145933  0.006359584430467234
Numero de qubits: 46 
Layer   D  var(D)  Renyi  var(Renyi)
1  2.0  0.0  0.9064569982200632  3.5335801979651357e-15
2  4.0  0.0  0.9064569982200705  7.25048739495572e-15
3  8.0  0.0  2.729849626357992  0.0039600976687952415
4  16.0  0.0  2.729849626358004  0.003960097668795502
5  32.0  0.0  4.5756479414987705  0.004528618975012983
6  64.0  0.0  4.575647941498782  0.004528618975013612
Numero de qubits: 47 
Layer   D  var(D)  Renyi  var(Renyi)
1  2.0  0.0  0.9064569982200616  4.910023301436844e-15
2  4.0  0.0  0.9064569982200699  1.3601319573589024e-14
3  8.0  0.0  2.728795143003064  0.003959729211453903
4  16.0  0.0  2.728795143003075  0.0039597292114537525
5  32.0  0.0  4.572398485800244  0.0060215285938398444
6  64.0  0.0  4.572398485800251  0.006021528593838008
Numero de qubits: 48 
Layer   D  var(D)  Renyi  var(Renyi)
1  2.0  0.0  3.158578532761543e-14  3.79088679440948e-15
2  4.0  0.0  1.816049225404278  0.0032099928384280666
3  8.0  0.0  1.816049225404291  0.0032099928384249636
4  16.0  0.0  3.649969350648088  0.005405647080774588
5  32.0  0.0  3.649969350648098  0.0054056470807735
6  64.0  0.0  5.502841463393002  0.005690203385604877
Numero de qubits: 49 
Layer   D  var(D)  Renyi  var(Renyi)
1  2.0  0.0  3.251477901372179e-14  5.336854715983295e-15
2  4.0  0.0  1.8142288639307407  0.0016089176900286413
3  8.0  0.0  1.8142288639307522  0.00160891769002922
4  16.0  0.0  3.6494299073762746  0.0033613578982167706
5  32.0  0.0  3.649429907376285  0.003361357898216066
6  64.0  0.0  5.502728532414655  0.004844162575818819
Numero de qubits: 50 
Layer   D  var(D)  Renyi  var(Renyi)
1  2.0  0.0  0.9064569982200643  6.15573365585352e-15
2  4.0  0.0  0.9064569982200767  1.22295236357145e-14
3  8.0  0.0  2.7315677104329863  0.0047671987511430395
4  16.0  0.0  2.7315677104329956  0.00476719875114387
5  32.0  0.0  4.576393620077478  0.007358978806871672
6  64.0  0.0  4.5763936200774875  0.007358978806871799
Numero de qubits: 51 
Layer   D  var(D)  Renyi  var(Renyi)
1  2.0  0.0  0.906456998220065  5.649497250833598e-15
2  4.0  0.0  0.9064569982200767  1.0643964700079842e-14
3  8.0  0.0  2.7304189079852303  0.004422736537924045
4  16.0  0.0  2.7304189079852437  0.004422736537924385
5  32.0  0.0  4.576476190227456  0.004734612151453778
6  64.0  0.0  4.576476190227465  0.004734612151453623
Numero de qubits: 52 
Layer   D  var(D)  Renyi  var(Renyi)
1  2.0  0.0  3.305936151937033e-14  4.612934165493585e-15
2  4.0  0.0  1.8148696721486246  0.002441515475266887
3  8.0  0.0  1.8148696721486341  0.0024415154752671594
4  16.0  0.0  3.649876700842204  0.0054458088759727
5  32.0  0.0  3.649876700842215  0.005445808875971515
6  64.0  0.0  5.503522454123323  0.006769677160509289
Numero de qubits: 53 
Layer   D  var(D)  Renyi  var(Renyi)
1  2.0  0.0  3.3988355205476684e-14  4.648722654803004e-15
2  4.0  0.0  1.8167243079314332  0.0033337533286297598
3  8.0  0.0  1.8167243079314468  0.003333753328628283
4  16.0  0.0  3.6524492525240744  0.00403463445344789
5  32.0  0.0  3.6524492525240873  0.004034634453448496
6  64.0  0.0  5.505111630589984  0.006328603150501421
Numero de qubits: 54 
Layer   D  var(D)  Renyi  var(Renyi)
1  2.0  0.0  0.906456998220069  4.815860319143169e-15
2  4.0  0.0  0.9064569982200824  1.0124509635536244e-14
3  8.0  0.0  2.730440774909272  0.004562246719359348
4  16.0  0.0  2.7304407749092827  0.004562246719359262
5  32.0  0.0  4.575756134924296  0.005688338962141263
6  64.0  0.0  4.575756134924306  0.005688338962141287
Numero de qubits: 55 
Layer   D  var(D)  Renyi  var(Renyi)
1  2.0  0.0  0.9064569982200682  4.4037524929553666e-15
2  4.0  0.0  0.9064569982200803  1.1418199872348946e-14
3  8.0  0.0  2.729835090666159  0.003301025500403216
4  16.0  0.0  2.72983509066617  0.0033010255004042146
5  32.0  0.0  4.5763604827492825  0.007334886260737485
6  64.0  0.0  4.576360482749292  0.007334886260738566
Numero de qubits: 56 
Layer   D  var(D)  Renyi  var(Renyi)
1  2.0  0.0  3.8473152310817697e-14  5.873637771956272e-15
2  4.0  0.0  1.814849842452681  0.002263185931863971
3  8.0  0.0  1.8148498424526949  0.0022631859318632624
4  16.0  0.0  3.6506863969706913  0.004108337968954186
5  32.0  0.0  3.6506863969707033  0.004108337968953497
6  64.0  0.0  5.503502373966176  0.005163360067978409
Numero de qubits: 57 
Layer   D  var(D)  Renyi  var(Renyi)
1  2.0  0.0  3.7383987299520586e-14  4.643421691245056e-15
2  4.0  0.0  1.8145976685676395  0.002511447296660491
3  8.0  0.0  1.8145976685676541  0.002511447296657012
4  16.0  0.0  3.6496200713727753  0.0032031247770160486
5  32.0  0.0  3.6496200713727864  0.003203124777016524
6  64.0  0.0  5.503324090001023  0.0050228655198391765
Numero de qubits: 58 
Layer   D  var(D)  Renyi  var(Renyi)
1  2.0  0.0  0.9064569982200696  4.386645575967228e-15
2  4.0  0.0  0.9064569982200789  1.3440096913578616e-14
3  8.0  0.0  2.729839101063057  0.005632578107301859
4  16.0  0.0  2.72983910106307  0.0056325781073020996
5  32.0  0.0  4.574315822318967  0.006734383633132644
6  64.0  0.0  4.574315822318979  0.006734383633132956
Numero de qubits: 59 
Layer   D  var(D)  Renyi  var(Renyi)
1  2.0  0.0  0.9064569982200699  5.347657469343571e-15
2  4.0  0.0  0.9064569982200789  1.0127552770451835e-14
3  8.0  0.0  2.7301353559734323  0.0047505860261691695
4  16.0  0.0  2.730135355973448  0.004750586026167145
5  32.0  0.0  4.575031483104361  0.005593895900438804
6  64.0  0.0  4.5750314831043735  0.005593895900437961
Numero de qubits: 60 
Layer   D  var(D)  Renyi  var(Renyi)
1  2.0  0.0  3.828094672058879e-14  5.822398414778499e-15
2  4.0  0.0  1.8157412063277043  0.003181764507415739
3  8.0  0.0  1.8157412063277156  0.0031817645074146187
4  16.0  0.0  3.651206656159984  0.005437838403352682
5  32.0  0.0  3.651206656159998  0.005437838403351716
6  64.0  0.0  5.502366451446648  0.006092577912770063
