Numero de qubits: 20 
Layer   Time var(Time)
1  0.060285833200000014  0.166526327468088
2  0.011137129700000001  0.02877777658121423
3  0.005296620299999999  0.0029729982707831517
4  0.006329566200000002  0.0011025522015447433
5  0.0079455737  0.0020910345580105343
6  0.013885998300000002  0.0013097812751966683
7  0.04763297005000001  0.0015351946606309071
8  0.12440082559999996  0.0018255846533405523
9  0.5036723233  0.034710087059267855
10  1.2817889665999997  0.010668548863613412
11  2.781195329  0.08236494923520579
12  1.9943049624500002  0.01814545336090262
13  2.8035667604  0.12477641627299321
14  1.98459606865  0.03113746462885677
15  2.7954507134499997  0.1496910476817181
16  1.9784886682500002  0.02837126840821926
Total= 16.399978309149994
Varianza= 0.39339713987394526

Numero de qubits: 21 
Layer   Time var(Time)
1  0.0049182794  0.00022118562326412617
2  0.004568727000000001  0.0004470575681583972
3  0.021989229049999996  0.011282115906377595
4  0.005582647049999999  0.0005355776179838432
5  0.014461459899999998  0.02850004224065735
6  0.10784074704999999  0.0616769468623091
7  0.05175124675  0.028798702538332933
8  0.12638725415000002  0.002668063536226081
9  0.5467672566999999  0.0037842505806198676
10  1.3890336874  0.01120776177840125
11  3.323107246  0.05391612747680051
12  4.405631459149999  0.04672658751677388
13  4.323608647499999  0.052344526517993366
14  4.37463750135  0.025740208476613916
15  4.2508191155  0.08977671115521134
16  4.34307068895  0.06573057184155749
Total= 27.294175192900006
Varianza= 0.1299761634784086

