Numero de qubits: 15 
Layer   Time var(Time)
1  0.0431874983  0.12972551835659857
2  0.0031857635  0.0007171493618023724
3  0.01006688315  0.028625426765021635
4  0.0034331296499999996  0.00012129970826604448
5  0.00498834525  0.0015763375105627881
6  0.008522939549999999  0.0007764072097067668
7  0.0218565676  0.002187306404189669
8  0.04429333175  0.004843542928837215
9  0.06115281825  0.0362927367424072
10  0.051902208949999994  0.0023258769328640214
11  0.060694353150000005  0.0357628105275725
12  0.06142645255000001  0.03592466056129263
13  0.0604030085  0.035458716216563255
14  0.05944937695  0.03010979178691974
15  0.06033139175  0.03236261127690438
Total= 0.5548940688499997
Varianza= 0.18364250033896834

Numero de qubits: 16 
Layer   Time var(Time)
1  0.0035712407999999992  0.0002683141630496981
2  0.0032306150999999996  0.00018871803478255592
3  0.0038247551999999996  0.0005239907074414202
4  0.00398895675  0.0006613622445605642
5  0.005819776099999999  0.0011254117330545695
6  0.010244711850000001  0.001823518460243199
7  0.027774903899999998  0.002316636693658738
8  0.0757639798  0.03468191451712879
9  0.15074316005000002  0.04220114599987186
10  0.13503532040000002  0.060203535980653575
11  0.13840270459999998  0.009712841008990994
12  0.10836917115  0.026728991015805274
13  0.16331008285000004  0.056016535710404436
14  0.12461661585000006  0.05350720704324249
15  0.15100877425  0.04474192511585094
Total= 1.1057047686499994
Varianza= 0.10700781393150988

Numero de qubits: 17 
Layer   Time var(Time)
1  0.00395670875  0.0004449638289578014
2  0.0034263061000000005  0.00021258596386165764
3  0.0036424823000000004  0.0001929786759577596
4  0.00433697655  0.0004920541409828268
5  0.006028468899999999  0.0007521982934737289
6  0.01096502765  0.001453874943212458
7  0.02858427375  0.0014542223066045944
8  0.07543506785000002  0.002394463347503492
9  0.24298553874999995  0.07603935006636849
10  0.23924624519999999  0.061564393153869315
11  0.23543057374999998  0.060042726514156694
12  0.27739671620000006  0.07664082474911302
13  0.24264112245000002  0.067817414179311
14  0.22764642254999998  0.053763253154949266
15  0.27934737325000003  0.07679337152126683
Total= 1.881069304
Varianza= 0.12777221446005815

Numero de qubits: 18 
Layer   Time var(Time)
1  0.0052079  0.004181368503141286
2  0.0108230138  0.030444827296753834
3  0.012048242899999997  0.030409063216209904
4  0.013034407099999997  0.030616928677569922
5  0.006502208600000001  0.0006953667839854303
6  0.019360103450000003  0.0342786466531842
7  0.037379790450000006  0.001971341725704792
8  0.10406163534999999  0.005611889897075183
9  0.36974573025  0.070964006709988
10  0.7411700435  0.05209726644435809
11  0.5216805806000001  0.07766926920871559
12  0.7413593039999999  0.04371272883370131
13  0.47894698374999994  0.06424931343085077
14  0.7250251983  0.055300094116358396
15  0.5218647721  0.0743889929887895
Total= 4.308209914150001
Varianza= 0.2198324652948644

Numero de qubits: 19 
Layer   Time var(Time)
1  0.004425789550000001  0.0002299031345552894
2  0.00412010025  0.000300905149178919
3  0.00432403635  0.00031179486597381225
4  0.004877207850000001  0.00037757344982761615
5  0.00780926475  0.0011210252290826856
6  0.0121798361  0.0012425332868748384
7  0.053952119050000004  0.04503175097268001
8  0.11696797570000002  0.03232448587508318
9  0.4475189544499999  0.05561490740606297
10  0.9184177298000001  0.049256132695591835
11  1.1143797315000001  0.008221591440265973
12  1.11933246315  0.04435442818542115
13  1.1360127169  0.04674885751120483
14  1.0928850400499999  0.006602743849374799
15  1.21148393405  0.06387886037030625
Total= 7.248686899499999
Varianza= 0.08615113812239707

Numero de qubits: 20 
Layer   Time var(Time)
1  0.005148737400000001  0.0005595525114877423
2  0.004709214299999999  0.00033017091352102767
3  0.005022389799999999  0.0005281840641573352
4  0.00572233685  0.0006554886002324735
5  0.0079863251  0.0007627892741034644
6  0.014243761800000004  0.001048039111928443
7  0.04569723115  0.001878052402501386
8  0.14383852804999997  0.03935318429345603
9  0.5240091782  0.07446765344589898
10  1.6425757716500002  0.018897896937869852
11  4.1589081012  0.06012557015944521
12  2.7780337661000005  0.05734343534798664
13  4.0782660939  0.23133046607323585
14  2.8022167574  0.0988314800934397
15  4.03792034115  0.2475392127890384
Total= 20.25429853405
Varianza= 0.4709248546068403

