Numero de qubits: 15 
Layer   Time var(Time)
1  0.059925416100000004  0.1697632283776052
2  0.0031326161000000004  0.0002955267376324688
3  0.01010428275  0.029287454143499255
4  0.00408958075  0.0006653079246309844
5  0.004936904650000001  0.00044705046841897787
6  0.008850753150000001  0.0008563486008010568
7  0.022450430150000002  0.0036941097665092906
8  0.04058389305  0.0021724144229702696
9  0.05780192615  0.027658401286529494
10  0.055860968450000006  0.03321197436884996
11  0.05010863320000001  0.0027321536119891683
12  0.05830016130000001  0.03415320063867544
13  0.057663602050000005  0.03539953694220327
14  0.05718603579999999  0.03230132067397153
15  0.04949588709999999  0.002157963485791937
Total= 0.54049109075
Varianza= 0.17698757930049258

Numero de qubits: 16 
Layer   Time var(Time)
1  0.0037076530500000002  0.00035190125404443713
2  0.0035271813  0.00048396062665759286
3  0.0035858218499999995  0.000352747354597065
4  0.004269443800000001  0.00043781688553898876
5  0.00741389635  0.006179090950426059
6  0.0105483478  0.0012339700653871877
7  0.03811834035  0.03772985128933781
8  0.06458738160000001  0.0023014369226941334
9  0.1335375186  0.027910519502877217
10  0.11799903090000001  0.051312071564224765
11  0.15532276195000003  0.05724001360112443
12  0.10364356640000001  0.028495499812982522
13  0.13964896155  0.04763808128333015
14  0.10849897344999997  0.03952716927971095
15  0.13113852335  0.030319258348977775
Total= 1.025547402300001
Varianza= 0.0778574838866665

Numero de qubits: 17 
Layer   Time var(Time)
1  0.0038352605500000005  0.0001100464694615302
2  0.0036149439999999997  0.00022376928970705516
3  0.00411324865  0.0007708610866770533
4  0.0044055388500000014  0.0005250983086170889
5  0.0062841456500000005  0.0009873794593626237
6  0.01114906555  0.001193334285517787
7  0.03246329345  0.0031434815256731266
8  0.075011768  0.005112090411093334
9  0.1934781093  0.06503302477830998
10  0.23663329164999997  0.07036684387751942
11  0.23454330065  0.07290739685606726
12  0.20096523229999996  0.04597721397269344
13  0.24154601655000002  0.07019415804275878
14  0.23033010385  0.06663383416710761
15  0.19036317104999995  0.03519101976113166
Total= 1.6687364900499997
Varianza= 0.05749598746042634

Numero de qubits: 18 
Layer   Time var(Time)
1  0.06005414725000001  0.06409403976393233
2  0.0038154549  0.0001606066701562858
3  0.0056877485  0.007095581773185161
4  0.011376033550000001  0.029154056457101046
5  0.009483342450000003  0.009210120095649983
6  0.018785622999999994  0.03038880808484595
7  0.03684295319999999  0.0014036365002684495
8  0.09764558385  0.004109415326533924
9  0.25775854659999997  0.005643622744186143
10  0.6230303622500001  0.009909338415614826
11  0.5115886974  0.016141722988964803
12  0.6028605928999999  0.0120761233543421
13  0.5060349905  0.010965406962009221
14  0.5585510852  0.0699073977491196
15  0.3581483394999999  0.012964977454024881
Total= 3.6616635010500005
Varianza= 0.09904759856516915

Numero de qubits: 19 
Layer   Time var(Time)
1  0.0045296194000000005  0.0001813431690625263
2  0.0043593187999999995  0.0005172139495528519
3  0.00491557965  0.0010432238709588788
4  0.0051478136  0.0006564006735357148
5  0.007668613350000001  0.0011078210786986892
6  0.013723853550000002  0.0014886130304928302
7  0.06418301744999999  0.056021239457908906
8  0.12352646630000001  0.044573580677433215
9  0.3589740699  0.07364717679700855
10  0.7212668305000001  0.011360084442484061
11  0.8620487001499999  0.06246301847418176
12  0.85366537565  0.060019838366079215
13  0.8736218887  0.06577021471769877
14  0.8588709395  0.05111407297402559
15  0.8701050355  0.06670906881697518
Total= 5.626607121999998
Varianza= 0.13689196856972946

Numero de qubits: 20 
Layer   Time var(Time)
1  0.004915810350000001  0.0002895300723804482
2  0.04671491545  0.06195655637514456
3  0.01175150465  0.030967357896340378
4  0.0054294888999999995  0.0004283192402850823
5  0.014615545099999998  0.03001589582053125
6  0.01462566465  0.0012644827723036116
7  0.04679066235  0.0025057449459891224
8  0.13083549070000003  0.004216580487000516
9  0.5146391753999999  0.06145402133391933
10  1.2098939777999997  0.06458959479536519
11  2.4548506085  0.013113906371699922
12  1.8359425796500002  0.05161121575015994
13  2.4690957777499998  0.0912398736203274
14  1.8296112793500001  0.048447834767368414
15  2.4053399076  0.13419664495543543
Total= 12.995052388200003
Varianza= 0.26934807014755935

