Numero de qubits: 15 
Layer   Time var(Time)
1  0.015616883199999996  0.05418819047050728
2  0.0030667529500000004  0.0001693174420213331
3  0.0041361856  0.0018301152906298388
4  0.0038072740000000002  0.000856096389793988
5  0.0050892032499999995  0.000676488535516521
6  0.009503823849999999  0.0010342062064235679
7  0.023584581550000004  0.0013826532052407241
8  0.0438046859  0.002218341108842909
9  0.08344446020000001  0.0596812825910198
10  0.052500128550000004  0.002497446243998806
11  0.05370943549999999  0.001761924934552789
12  0.0510682167  0.0013663937016015228
13  0.08727294379999999  0.06357314938872455
14  0.0514368534  0.0024602185166940024
15  0.05436427275  0.0031184685798011967
Total= 0.5424057012000002
Varianza= 0.09003184725899945

Numero de qubits: 16 
Layer   Time var(Time)
1  0.00391240045  0.0004901097659858937
2  0.00397768535  0.0007600337318823603
3  0.0038858289499999997  0.0005642119228189417
4  0.0048047704  0.0011825690445868436
5  0.00657338245  0.001153979977255345
6  0.011074198200000001  0.001376310413456267
7  0.03282113235  0.0027870924802599626
8  0.07355633920000001  0.003911735575772685
9  0.16702236505  0.05304551001107025
10  0.11975127620000003  0.035640377986503546
11  0.18922871065  0.08922219013614124
12  0.27502939480000005  0.724970279320895
13  0.17966612059999998  0.07089208553831712
14  0.11268725669999999  0.0316015252463637
15  0.16040002825  0.04871066525244101
Total= 1.3443908896
Varianza= 0.7203317410101826

Numero de qubits: 17 
Layer   Time var(Time)
1  0.004232385299999999  0.0004621767623111422
2  0.004002766350000001  0.0005775935123192846
3  0.004182959599999999  0.000618864806995389
4  0.00500569765  0.0008880061528513907
5  0.006752038  0.0007995918604116727
6  0.013256165249999998  0.002570885554610237
7  0.0343341771  0.0016032133089692673
8  0.08593304410000001  0.007604994963946025
9  0.23929305644999999  0.08802966529161617
10  0.21529385865  0.013210930233942875
11  0.29063884695  0.1076655201793528
12  0.25562007275000004  0.06508196119439028
13  0.21541954875  0.032213884561210535
14  0.2531162707  0.06967868172899622
15  0.27864176365000004  0.08322517076474965
Total= 1.905722651250001
Varianza= 0.1544458820911114

Numero de qubits: 18 
Layer   Time var(Time)
1  0.004352103750000001  0.0003509222562494256
2  0.00449593685  0.0012370265225583998
3  0.0043676211999999996  0.001076667561192804
4  0.005007476049999999  0.0009809715751852078
5  0.008561673799999999  0.006932883916001267
6  0.01991901375  0.02974140120439565
7  0.04194861055  0.0024965643221564002
8  0.12296800684999995  0.04702395610978777
9  0.46659934115000007  0.4739162846534204
10  0.7685318912000001  0.45317788207949977
11  0.7022904618499999  0.9822108443707218
12  0.6496067712999999  0.06438294953453032
13  0.47108520675000004  0.07539594569247579
14  0.6648595826000001  0.014172751736890105
15  0.5257015207  0.12052534640442757
Total= 4.460295218349998
Varianza= 1.4830930289460973

Numero de qubits: 19 
Layer   Time var(Time)
1  0.0048346614500000005  0.0005519871177691989
2  0.00459730195  0.0009579139456190977
3  0.004747102  0.0007486405526850653
4  0.005722834600000001  0.0010834279888834054
5  0.022658531050000003  0.03243991715803431
6  0.0170133292  0.011203339605950845
7  0.07790221794999999  0.058357232022856274
8  0.14588854620000002  0.057916781268457125
9  0.35572898075  0.06338322231914802
10  0.9550361633000002  0.5607113317213902
11  0.9312572133  0.04937194496941263
12  0.9675614107499998  0.06221121996263335
13  0.93516632855  0.11923701915001135
14  0.9562877648999999  0.07363104578726165
15  0.9203794514500002  0.04923441213112075
Total= 6.3047818374
Varianza= 0.6484205958892081

Numero de qubits: 20 
Layer   Time var(Time)
1  0.005108365249999999  0.00048747879246720824
2  0.00612499415  0.005309955183524088
3  0.005051232250000001  0.0005399503339990517
4  0.0058344165  0.0005678714579005094
5  0.008837118050000002  0.0012839691167593353
6  0.02205239745  0.029342638332996177
7  0.049582191399999996  0.003879170975943215
8  0.1409474098  0.03287208443485534
9  0.5228810164  0.061408936770353056
10  1.25611222285  0.0685838793405839
11  2.66896074465  0.14343584365145476
12  2.04195372755  0.25492349710190004
13  2.7217489221999998  0.2560767771854746
14  2.17902889025  1.057117118189444
15  2.6801453343999997  0.1560597932635759
Total= 14.314368983149999
Varianza= 1.1446109882148388

