Numero de qubits: 15 
Layer   Time var(Time)
1  0.059656804699999996  0.24482154058566397
2  0.0032448851  0.00102246433307333
3  0.011186182349999999  0.030728322816875087
4  0.0037240530499999995  0.0004727176681752518
5  0.0057660155500000015  0.003375331335644257
6  0.0091427188  0.0008389446899629082
7  0.023076186050000003  0.0014751430696750222
8  0.0451280595  0.002898978068334021
9  0.06421917960000001  0.034956848900947315
10  0.062161033850000005  0.03495727932736016
11  0.06087735460000001  0.02960335577136996
12  0.05399517210000001  0.0038676131563181427
13  0.054257946599999995  0.0033782332191952262
14  0.07158000875000001  0.05147080339106538
15  0.05450584044999999  0.003355451699593938
Total= 0.5825214410500004
Varianza= 0.2558414881050993

Numero de qubits: 16 
Layer   Time var(Time)
1  0.003597768  0.00017980295379414665
2  0.0034612612000000003  0.0003715636920376639
3  0.0039132125999999995  0.0006290946660534805
4  0.0042545078  0.000717515292231225
5  0.0055867534  0.0004374230374731536
6  0.010760353250000002  0.000955997637055023
7  0.0301444671  0.0013507390374194004
8  0.06795195670000001  0.007539786901731548
9  0.1629429792  0.06567671145423634
10  0.12561735335000002  0.058582952778530914
11  0.14088336495000003  0.03595309115857909
12  0.13182759255  0.06382235921638423
13  0.14763754749999997  0.04997173937210689
14  0.09994153064999999  0.0036829954531163523
15  0.17527626125  0.07077729697613895
Total= 1.1137969095
Varianza= 0.10339136992914556

Numero de qubits: 17 
Layer   Time var(Time)
1  0.0038457409999999997  0.00013506200590469544
2  0.0046734625  0.004844615753701118
3  0.00424046625  0.0007843329330886135
4  0.00429341425  0.0005107099375147183
5  0.00593914565  0.0005726557832889034
6  0.019083716549999998  0.032119205337378144
7  0.03220689795  0.001631442104991546
8  0.0852123907  0.03423622603349124
9  0.19480443279999998  0.06187501361652288
10  0.23658664304999996  0.0691408884805363
11  0.2519950896  0.07982129404169151
12  0.222776467  0.06242620549851257
13  0.2302837694  0.0687661287702675
14  0.24706300794999997  0.07747158973038004
15  0.2289115511  0.06871260715746841
Total= 1.7719161957499991
Varianza= 0.1340943791481034

Numero de qubits: 18 
Layer   Time var(Time)
1  0.0043148701499999996  0.0002658581330065484
2  0.0041126446499999995  0.00043196636186319814
3  0.004284047300000001  0.0006030118399162739
4  0.004938275000000001  0.0006652705964030726
5  0.0069777365499999995  0.0010355608393325558
6  0.012902584350000001  0.0013253629344148067
7  0.0409947063  0.0022224214659196193
8  0.12753151149999997  0.06058430062934763
9  0.38856497574999993  0.07201909889964046
10  0.6829100504000001  0.010193539984414267
11  0.44590780475  0.07524600087128064
12  0.6749596878999999  0.012717236368346284
13  0.45524857289999987  0.07703486663337428
14  0.6712603724500001  0.010682239036027965
15  0.5224832779499999  0.06885192574799445
Total= 4.047391117900001
Varianza= 0.106219490423288

Numero de qubits: 19 
Layer   Time var(Time)
1  0.004803406049999999  0.00043142648051336336
2  0.00445569145  0.000558126136184418
3  0.004949936050000001  0.0008229584255417449
4  0.005738418949999999  0.0010094893420335587
5  0.00789916255  0.0012132098978159332
6  0.0207197518  0.0324453872579748
7  0.05732356435  0.04857409006017417
8  0.11329456279999998  0.03759039633089279
9  0.36632005884999996  0.08013873468714115
10  0.7535662455000001  0.03797783407322384
11  0.89372251165  0.06154630302208669
12  0.88455651395  0.061256113175118955
13  0.8910153298500001  0.0701918892948663
14  0.90483018455  0.07341832625994783
15  0.8922182243499999  0.06610829328684736
Total= 5.805413562700001
Varianza= 0.2406350510766825

Numero de qubits: 20 
Layer   Time var(Time)
1  0.005195064750000001  0.00044335221403223816
2  0.0636852617  0.07167562185982689
3  0.004875171199999999  0.0005139628151083111
4  0.013271710400000003  0.03203785969967376
5  0.008462995350000002  0.0006330730702924644
6  0.016446192050000003  0.006999885632996361
7  0.0576496525  0.03218144611478853
8  0.13632287550000002  0.009230061809742682
9  0.5195562054999999  0.0618186867518724
10  1.2195183219499999  0.08167265497399681
11  2.60453386285  0.019277703363212037
12  1.93385497505  0.01822020637468903
13  2.6076470178499997  0.028144369169926308
14  1.9151749082999998  0.04416575588924025
15  2.4850093836500005  0.20950985143180356
Total= 13.5912035986
Varianza= 0.24727021457336254

