Numero de qubits: 15 
Layer   Time var(Time)
1  0.06031100294999999  0.17089034718927237
2  0.0030301578999999998  0.0002723587814442376
3  0.004679918450000001  0.0050517155123309095
4  0.0035125074499999997  0.00017557221274292658
5  0.005100632799999999  0.0010968570345020177
6  0.015889761199999998  0.029797783033710664
7  0.022266743949999997  0.0030406072905893077
8  0.044674235400000005  0.0037542231122049395
9  0.05652147645  0.0054383414229308615
10  0.0609214441  0.03679063889852105
11  0.0732402049  0.04780662303346323
12  0.0536898239  0.005508601471723342
13  0.0634099739  0.038739677190479306
14  0.06803913885000001  0.050292851650598866
15  0.05456977889999999  0.003672159113146297
Total= 0.5898568011000003
Varianza= 0.18053251603132273

Numero de qubits: 16 
Layer   Time var(Time)
1  0.0035756948500000004  0.00010668953656768554
2  0.0033440843000000003  0.00020500157616933095
3  0.010965351699999999  0.029947406442402156
4  0.00415536105  0.0008521702029620886
5  0.005578704750000001  0.0007786033854731738
6  0.010240333200000002  0.0008564177173477088
7  0.03609394789999999  0.03402065688734481
8  0.06718453150000002  0.007161814692255027
9  0.14166605045  0.046152434034695995
10  0.12936173785  0.06262291078941072
11  0.16231409559999996  0.0668991512527398
12  0.09787105314999998  0.008728896949136719
13  0.15705735035000004  0.06249981927307208
14  0.10138623190000003  0.03280563340902602
15  0.13332713484999997  0.03263454489076796
Total= 1.0641216634
Varianza= 0.06738511655027409

Numero de qubits: 17 
Layer   Time var(Time)
1  0.0038713043999999987  0.0001376950980657627
2  0.0037170598  0.0004290469886077282
3  0.003889851399999999  0.0006012413282992446
4  0.004671804500000001  0.0006907527565021003
5  0.006186105599999998  0.0007759935199269643
6  0.01099580765  0.0015145494223560113
7  0.031113107849999995  0.0028147498419249318
8  0.08116068715  0.03372586456002426
9  0.21373710804999999  0.08138894628921745
10  0.20543603319999998  0.05624773140593665
11  0.24649048670000004  0.07656186784743914
12  0.20643508475000005  0.04764928345895089
13  0.20013888400000002  0.05308865832867242
14  0.22281609304999997  0.06791113187878771
15  0.22915336745  0.0714390005362897
Total= 1.669812785550001
Varianza= 0.10420821498286871

Numero de qubits: 18 
Layer   Time var(Time)
1  0.0042893042999999995  0.00020180160753326514
2  0.00391587205  0.00027758249967000347
3  0.005022033899999999  0.0013325267762206471
4  0.00518304875  0.0013090085013687982
5  0.0066607608  0.0009802163113168236
6  0.011555195950000001  0.001010887634069953
7  0.0363579222  0.0019507816977964918
8  0.09545707744999998  0.005172161527014226
9  0.36649217759999997  0.05811266174007876
10  0.5803984784  0.06868564249764429
11  0.37036826320000005  0.01133864772491922
12  0.6260441211  0.01180902334002581
13  0.5015696975  0.03133056116938358
14  0.6217726031499999  0.00928221225628462
15  0.5205540327000001  0.015455032832951528
Total= 3.7556405890499995
Varianza= 0.11146831099259806

Numero de qubits: 19 
Layer   Time var(Time)
1  0.00475186145  0.0005937279861941388
2  0.00432705125  0.0005372679841854413
3  0.005916718599999999  0.005674152068683368
4  0.0054883612  0.0009064093760940803
5  0.00711991315  0.0006772807141663842
6  0.0230906329  0.030850296874184106
7  0.0754456337  0.061433446381640756
8  0.12544807269999997  0.04291242358778018
9  0.33470805400000003  0.07137816508944696
10  0.7694602708000001  0.05608091662036359
11  0.9215031991  0.06526872363479577
12  0.8805218720500001  0.04463313251944672
13  0.9181667943999999  0.07024499168113789
14  0.88213902345  0.0590611188318034
15  0.8909637269499999  0.05242458842307336
Total= 5.849051185700001
Varianza= 0.15117470420398582

Numero de qubits: 20 
Layer   Time var(Time)
1  0.0050640935  0.0002670626819180283
2  0.011639005599999998  0.030323505996931285
3  0.00490504655  0.0004885964530242185
4  0.012774437  0.030958899276709462
5  0.007861366400000002  0.000586578341697373
6  0.015171242199999999  0.0015137049037277244
7  0.04451494975  0.003018156916787758
8  0.12641110865  0.008162429122922681
9  0.5014440725  0.06484729307242115
10  1.24824090595  0.06100060014347797
11  2.73815087775  0.06537299201321055
12  1.95173671535  0.056790729538490695
13  2.7482645782  0.1319277516960267
14  1.9691590061500004  0.03915930362564471
15  2.69663102995  0.1592754147113565
Total= 14.081968435499999
Varianza= 0.2673858420981263

