Numero de qubits: 15 
Layer   Time var(Time)
1  0.03250691075  0.1255773947863843
2  0.0036698233499999995  0.0020263346914267217
3  0.0036859743  0.0005786134564909547
4  0.0037003787499999994  0.0003983067120375798
5  0.00557186  0.0017626801100878741
6  0.010669824700000004  0.0029212017865230242
7  0.07484568964999999  0.21862178672889146
8  0.05119643060000001  0.01198097587747835
9  0.061348067000000006  0.009281578475330714
10  0.06860073555  0.0477683834159563
11  0.06575590249999999  0.034611254087045455
12  0.06799853335  0.04018022673434787
13  0.057266681949999995  0.005101004227959955
14  0.0745240808  0.04846379868292727
15  0.057737022900000004  0.0052784914601370055
Total= 0.63907791615
Varianza= 0.3526885313466977

Numero de qubits: 16 
Layer   Time var(Time)
1  0.031657977500000004  0.12196307788457937
2  0.0036469113500000004  0.0012886150080223058
3  0.0038202063  0.0006610644770059952
4  0.004085221250000001  0.0004874282058700414
5  0.005622593699999999  0.0006478735368151024
6  0.0104384205  0.0010500754191732848
7  0.031191349800000007  0.0017129600588874979
8  0.07819020739999998  0.03866112776195487
9  0.16805012754999998  0.06950106642517338
10  0.11651451939999999  0.046833025928240415
11  0.15600674399999997  0.058977639253296896
12  0.12605276065  0.06475985054032335
13  0.16404226365000002  0.060478368500925576
14  0.10117973549999999  0.006839465531941755
15  0.15777569630000002  0.05497679590762793
Total= 1.1582747348499995
Varianza= 0.1612526502147075

Numero de qubits: 17 
Layer   Time var(Time)
1  0.003887597450000001  0.0002945445074990323
2  0.0037680559500000003  0.0009890052155990118
3  0.00400800395  0.0006204955673578559
4  0.004226352649999999  0.00029316057297311925
5  0.006182766899999999  0.0008154961509273908
6  0.01178049245  0.0015258341846047189
7  0.03293130355  0.0018447028057548577
8  0.07796636179999998  0.004129052907228527
9  0.2192323912  0.07343248886901514
10  0.21806012190000007  0.059271786004347765
11  0.26170110135  0.09172616888266097
12  0.22538333309999997  0.05096463223573812
13  0.21765635775  0.05949226854361472
14  0.25277054299999996  0.0714482268988034
15  0.2527918034500001  0.07074550359156401
Total= 1.7923465864500003
Varianza= 0.1129142762940486

Numero de qubits: 18 
Layer   Time var(Time)
1  0.00425885885  0.00020843092089209685
2  0.011716554149999999  0.033530153112641646
3  0.0045502528  0.0010125158249401633
4  0.0049884863  0.0010132635011695184
5  0.008493272300000002  0.006343233865879321
6  0.02095055925  0.02974284397961813
7  0.048941478549999994  0.028487668150244734
8  0.11252850084999999  0.033928582929361004
9  0.37039169895  0.06925646180546169
10  0.6341043598999999  0.03214433379357024
11  0.44097302870000005  0.07795219757235748
12  0.63704999515  0.09578405120918934
13  0.44838248064999997  0.07638838551472157
14  0.6404980855  0.07238211094246048
15  0.4895297211  0.07035569167335952
Total= 3.877357333
Varianza= 0.17332370597508076

Numero de qubits: 19 
Layer   Time var(Time)
1  0.0047155571  0.0006079153485487844
2  0.004253854749999999  0.0005058604518871657
3  0.004611279150000001  0.0006272984823641196
4  0.005500014499999999  0.000890024302186491
5  0.0129817755  0.012446434361114818
6  0.01504403285  0.006513863630475583
7  0.07895925925  0.06348572633751014
8  0.13682267565  0.05772246834600007
9  0.33712799075  0.0740814083491923
10  0.7893828786499999  0.12978002179897574
11  0.8693895782000001  0.04768245830117731
12  0.8829113061499999  0.0696669292153082
13  0.8624675799  0.04923109594780564
14  0.9150748934499999  0.07371089994681969
15  0.85928711425  0.05476324065171182
Total= 5.778529790100001
Varianza= 0.2565083159615924

Numero de qubits: 20 
Layer   Time var(Time)
1  0.0051549046  0.0005217822912047129
2  0.033373976550000004  0.05657492122696702
3  0.041560926799999995  0.06306894779271999
4  0.005954164100000001  0.0009643822984721826
5  0.00836689815  0.0014084770028855735
6  0.0152970474  0.0017181436224476812
7  0.0530569281  0.00612183765185738
8  0.138887688  0.011746548604480002
9  0.53208722855  0.043056753333512665
10  1.2409788272500002  0.09158664880912118
11  2.5051472965  0.09466528123027816
12  1.8053689759  0.06832869978054033
13  2.46365375405  0.12299879340335895
14  1.8303813841  0.03801108097409833
15  2.4024173837499996  0.11157450077621947
Total= 13.081687383800002
Varianza= 0.32503918294431866

