Numero de qubits: 15 
Layer   Time var(Time)
1  0.059419448  0.168854727487364
2  0.0031983446499999997  0.0008165052037234223
3  0.0038540320000000003  0.0008361391549373823
4  0.003527229800000001  0.00027273820203697175
5  0.0051577611500000006  0.002043871987860156
6  0.009526298450000002  0.0012557585441516006
7  0.022004635449999994  0.0014875989634387508
8  0.0505740753  0.032815853166023146
9  0.0539439947  0.002531950088571082
10  0.06616639310000001  0.042394142214603
11  0.06075387255000001  0.03113001911388862
12  0.06578503659999999  0.043195311740708515
13  0.0627883582  0.03502891347000308
14  0.051047667149999996  0.003596773365452781
15  0.059515734900000006  0.032330480213451314
Total= 0.5772628819999996
Varianza= 0.1927074962163484

Numero de qubits: 16 
Layer   Time var(Time)
1  0.0036724152  0.000356992135522703
2  0.00334016055  0.00027314716137889387
3  0.003729522849999999  0.0006157796453273911
4  0.00399890665  0.0002734392938067378
5  0.0058222061  0.0007484020503812039
6  0.0102473878  0.0010405047807317178
7  0.028503019849999995  0.0009542881936307438
8  0.06560866365  0.00334480450553352
9  0.1707153118  0.06772500298373865
10  0.10811633624999999  0.03224529302528883
11  0.16246458110000003  0.06348675135222988
12  0.10334719099999998  0.035274565260794165
13  0.15970700415000003  0.06463556827805293
14  0.0961729801  0.005491163757274744
15  0.1624706081  0.06454663811138035
Total= 1.0879162951499999
Varianza= 0.07433420832946205

Numero de qubits: 17 
Layer   Time var(Time)
1  0.00403244605  0.0006526671980034291
2  0.00363771145  0.0003563092219026157
3  0.0040202016  0.0006380204362620683
4  0.004274843299999999  0.00025013369004516357
5  0.0062464828  0.0009293530748620032
6  0.0120503718  0.0020712779522060435
7  0.030555657450000002  0.002062560047909962
8  0.0751801221  0.007614951937059263
9  0.18086230025000002  0.05270244786282051
10  0.21579630340000003  0.06005443993846802
11  0.23179778065000006  0.07399300624876355
12  0.21802139779999993  0.06597510108031143
13  0.21178243525  0.0614373718016955
14  0.22725919925  0.06907913882028524
15  0.22081847535000004  0.05890494308920619
Total= 1.6463357285
Varianza= 0.08796074687295229

Numero de qubits: 18 
Layer   Time var(Time)
1  0.0043215172  0.00038774428597873617
2  0.004050248649999999  0.000742719261618431
3  0.004519708900000001  0.0009584231674619985
4  0.0051957469  0.0011802586618184971
5  0.007753918400000001  0.0021588523829236313
6  0.011766460599999999  0.001046643240467467
7  0.03726703085000001  0.0024863080038734003
8  0.09426044559999999  0.0029408851149479026
9  0.39453902334999996  0.041186734818274236
10  0.5796381531500001  0.06872225525339772
11  0.36286918400000007  0.006842566520463411
12  0.6184425174  0.011341358126217681
13  0.47585863114999993  0.06638167964821762
14  0.6206891611500002  0.01053221666894514
15  0.51808002665  0.010281431749553182
Total= 3.7392517739500013
Varianza= 0.09146318769981977

Numero de qubits: 19 
Layer   Time var(Time)
1  0.00451441435  0.0003427866783844255
2  0.0040368285  0.00031858977381414805
3  0.00440973845  0.0004947550058451633
4  0.0066110979  0.00672107403254084
5  0.007227569749999998  0.0011162988916273667
6  0.019747286300000003  0.03048524026971414
7  0.06254585395000001  0.051726785753960704
8  0.13004801255  0.05192416178267793
9  0.3734621834  0.06966909316829643
10  0.75918305575  0.05410331569862056
11  0.9216486908499999  0.0785149553710834
12  0.8750010259  0.052292594440895
13  0.904881023  0.05685447707980197
14  0.8626621630000001  0.028993527742121383
15  0.8865006664000001  0.05742019396074097
Total= 5.8224796100499985
Varianza= 0.14398992382807646

Numero de qubits: 20 
Layer   Time var(Time)
1  0.0049232302  0.0002852913941594805
2  0.0117495467  0.031103404573985877
3  0.00500908875  0.0007318684793488428
4  0.005486581749999999  0.0004363232565160692
5  0.007815096400000002  0.000606819337391649
6  0.017556010150000002  0.008404809569486981
7  0.052596730450000004  0.030487845752137473
8  0.12709280245000001  0.005857256699746949
9  0.48744627530000006  0.07162935543926383
10  1.1800791191000002  0.06431482699380683
11  2.6279029135000003  0.04083798521673166
12  1.9203260501000003  0.05742033361359015
13  2.6559722944  0.16343645471167506
14  1.92948192915  0.027579464110644967
15  2.62721767645  0.13470286950459473
Total= 13.660655344850005
Varianza= 0.2957687772256359

