Numero de qubits: 15 
Layer   Time var(Time)
1  0.016246350550000004  0.054498677564925595
2  0.0029540940999999996  0.00018266799634717086
3  0.0034315103  0.0006321783654941141
4  0.0036350348000000004  0.00040167834283274476
5  0.005100742749999999  0.0019651212460053673
6  0.007383315049999999  0.0005122343293915855
7  0.01701044055  0.0016964488217178985
8  0.0544972688  0.051778630828928196
9  0.0477118637  0.0022308403663643013
10  0.04632124715  0.0020364055923413507
11  0.06098849674999999  0.043871311797694316
12  0.05588820695  0.03496423828419076
13  0.046476906850000006  0.0015373199039315554
14  0.05530381419999999  0.0377685957526334
15  0.05490976695000001  0.0360005602751751
Total= 0.47785905944999996
Varianza= 0.11404999181786132

Numero de qubits: 16 
Layer   Time var(Time)
1  0.0035980723  0.0002387640104907144
2  0.0033631389499999996  0.0003876935556328574
3  0.0038025174  0.0006090736953854106
4  0.004102788550000001  0.0005757053973227518
5  0.00531151905  0.0005508124680638117
6  0.0094705091  0.0012354952675812199
7  0.021801698949999997  0.0009748151271690688
8  0.08263292755  0.04826574302407238
9  0.1816154779  0.04399974157478518
10  0.1457155137  0.06654915024035042
11  0.18328117295000002  0.049004650372159175
12  0.13773253270000002  0.0578437007657206
13  0.18041961019999994  0.04652741156561603
14  0.13638520959999997  0.055725103933101434
15  0.1637042024  0.0014329406119810567
Total= 1.2629368913000003
Varianza= 0.08408444860917214

Numero de qubits: 17 
Layer   Time var(Time)
1  0.0038104325500000003  0.00017370662127319007
2  0.0035674803999999997  0.00029441385302162663
3  0.003884357900000001  0.0006011462907061726
4  0.004504084699999999  0.000652748177052307
5  0.0054697676499999995  0.0004103820521115995
6  0.0097795642  0.0009587570583361356
7  0.02352914985  0.0012489943414221406
8  0.08070384494999998  0.034721149231411036
9  0.25951620104999995  0.07612741073152593
10  0.3085970404  0.06904532759354942
11  0.3109983502  0.06980947872765914
12  0.31417582194999993  0.0723474014569733
13  0.30409564029999997  0.06714488633273756
14  0.2823239963499999  0.046568590186663664
15  0.30345164285  0.06620676705766541
Total= 2.2184073753000004
Varianza= 0.15091367196807168

Numero de qubits: 18 
Layer   Time var(Time)
1  0.0042139842000000005  0.00016885424131024958
2  0.003850077300000001  0.0002737864485718933
3  0.004057669199999999  0.00029794571947329613
4  0.0046182859000000005  0.00034293406303820273
5  0.006186294650000001  0.00046899982815788694
6  0.012008584000000001  0.0014810925467143505
7  0.0290072523  0.0018333120076593921
8  0.10108332304999998  0.0006324734104964786
9  0.5198664038999999  0.0499478237006673
10  1.2210612158000003  0.005871279867919058
11  0.7218041346499999  0.06319099054782298
12  1.19227717345  0.061183425217941526
13  0.7780783260999999  0.07644725531006971
14  1.2221851728000002  0.007475965406033486
15  0.7564063746999999  0.07394729654506399
Total= 6.576704272000002
Varianza= 0.17608849933210105

Numero de qubits: 19 
Layer   Time var(Time)
1  0.004560420400000001  0.00019445549180092586
2  0.0042563227000000006  0.0003331138541682258
3  0.00464528235  0.0006995129099052621
4  0.005657970150000001  0.0009635720253566558
5  0.007321367850000001  0.0012424606160313203
6  0.01198519025  0.001140005866655864
7  0.030381183650000004  0.0015055314983608709
8  0.10799907315000001  0.0008184102556106105
9  0.5781989858  0.004831735506006376
10  1.4803881579000002  0.00991430046201327
11  2.0567990849499997  0.05900690995423873
12  2.0505852316  0.055881442684981374
13  1.9660019649500005  0.06318443041253886
14  1.9606194302000006  0.055141818504682034
15  1.9311927166000005  0.007757708003808768
Total= 12.200592382499998
Varianza= 0.053022225711780585

Numero de qubits: 20 
Layer   Time var(Time)
1  0.005328342499999999  0.0002841413123656079
2  0.04796346675  0.06513023413345784
3  0.00525789085  0.0005688610303991894
4  0.006207586300000001  0.0004941534474309675
5  0.011801267000000002  0.008986724067053255
6  0.014678098699999998  0.0008328367808988805
7  0.0384439448  0.0015472447114581972
8  0.14646594385  0.03168118323175878
9  0.75786845445  0.010583746153122015
10  2.8482890633499998  0.017593163938371202
11  8.5212242695  0.042149528300273374
12  5.43215072975  0.05933141274565673
13  8.5296196818  0.03689995477165764
14  5.336119234250001  0.06663528834306295
15  8.51189704175  0.04260190145746536
Total= 40.2133150156
Varianza= 0.1724544863630056

