Numero de qubits: 20 
Layer   Time var(Time)
1  0.025536469400000004  0.06643909774624558
2  0.0044191596999999996  0.0003972715664955271
3  0.005280698049999999  0.0017896991126775045
4  0.0053129002  0.0006383375019210918
5  0.0070639021  0.000483057825360888
6  0.013668764849999997  0.0011673708989332085
7  0.04879184785  0.003419742012002942
8  0.12627477935  0.005654387815154281
9  0.5136755866  0.015623738464438139
10  1.24762198075  0.05764677208848375
11  2.76028559405  0.07493593282235471
12  1.9899796946  0.02344371830270217
13  2.7277842361499998  0.1349834610337862
14  1.9825717607000002  0.018933704447283036
15  2.75477235175  0.1653308747166675
16  1.9671331315500002  0.0266257465416766
17  2.7463528051500004  0.15168826326741597
18  1.9609864972500002  0.045997324132490025
Total= 20.887512160049994
Varianza= 0.3080599743318349

Numero de qubits: 21 
Layer   Time var(Time)
1  0.004946900600000001  0.00021313722061582776
2  0.06478827055  0.06634413363524419
3  0.0119541621  0.011428394626140516
4  0.00523889275  0.0004140597859188786
5  0.00738149585  0.0004803835854892708
6  0.05413594055  0.06168621724193612
7  0.05038580239999999  0.007461046034329285
8  0.13433793355  0.012990705400055298
9  0.54908293925  0.017911340383950203
10  1.3950829994  0.02849315823147458
11  3.3152967160499998  0.06337916931862521
12  4.3896298701499985  0.06404759970046507
13  4.277878245599999  0.06751361148543562
14  4.3427034343  0.05019747060544943
15  4.218688810250001  0.0789096689003404
16  4.3372855053  0.042079209239555555
17  4.19346952405  0.0733348239935679
18  4.3322080097999995  0.043332033471601986
Total= 35.6844954525
Varianza= 0.2561178483203002

