Numero de qubits: 20 
Layer   Time var(Time)
1  0.06845881189999997  0.24696506057764345
2  0.0053537817  0.0004044673414047295
3  0.018787015250000004  0.039316152313994164
4  0.006311035800000001  0.000534732736574506
5  0.009319751150000001  0.000814173806842266
6  0.0218728984  0.03323063452980664
7  0.05336388374999999  0.004137765907316133
8  0.15912420545  0.03268346758776177
9  0.47908893480000003  0.08164602496477638
10  1.44418021455  0.08967509391108532
11  3.27020039865  0.3977001674378828
12  2.2896611342999997  0.2467998728254078
13  3.14758365455  0.289603818022377
14  2.2773589288  0.15283570720122316
15  3.2126294158500004  0.31270244452948315
16  2.28139287755  0.17064160611944304
17  3.1168348334  0.26058723371521536
18  2.3032018269499996  0.21745266935159044
19  3.211862574599999  0.4033880701271649
20  2.21788075355  0.10203237281368661
Total= 29.594466930949984
Varianza= 1.8128254554465155

Numero de qubits: 21 
Layer   Time var(Time)
1  0.0055289587  0.000684411573039578
2  0.0187607661  0.039472397935812066
3  0.0066474208499999994  0.004430884537653822
4  0.015223622600000004  0.03949001506523527
5  0.008894155349999999  0.00221264841946454
6  0.02278151615  0.029055747009129655
7  0.05288828590000001  0.009559972685073071
8  0.1583110564  0.044156762109181534
9  0.60608463295  0.04093283615660986
10  1.5610562375500003  0.11744643211810414
11  3.8294952284999995  0.26843737051263666
12  5.1858689397  0.5702998561826467
13  5.0575085771  0.6434597238347538
14  5.1053840143  0.32128276741085093
15  5.18566985115  1.3299821012329105
16  4.9945078366499995  0.19170648916784233
17  4.923586223049999  0.2592587183588452
18  5.06333142325  0.29091529934683946
19  5.082662985400001  0.7220551637337436
20  5.4029408051  1.6681847444246058
Total= 52.287132536750036
Varianza= 4.766789259561237

