Numero de qubits: 15 
Layer   Time var(Time)
1  0.059740072  0.24640753396236104
2  0.00328227725  0.0009714173870925863
3  0.0036657198999999994  0.0007486326541360522
4  0.010849770800000002  0.03114136509393762
5  0.004900775750000001  0.000500707415308369
6  0.011621470049999999  0.006627219480936651
7  0.03018209175  0.030841231600566517
8  0.04490182229999999  0.0017126610414441063
9  0.06508883735000001  0.041593048883657835
10  0.053867857  0.0027900918364049962
11  0.07052268575  0.04775247905399229
12  0.07035413515000001  0.04722406193137926
13  0.05448569895000001  0.003153266667592442
14  0.05226804184999999  0.0036653483579438565
15  0.053826206050000006  0.0028392380820805863
Total= 0.5895574618999999
Varianza= 0.2897061547660129

Numero de qubits: 16 
Layer   Time var(Time)
1  0.003792639500000001  0.0008351351141276783
2  0.00346503435  0.00038860586792356525
3  0.0037927984500000004  0.0006672695150466919
4  0.0041328786499999996  0.0006111988235459289
5  0.005775035350000001  0.0008221456673065471
6  0.0112163793  0.004790013685561964
7  0.037087820800000004  0.032016756558018
8  0.06894966994999999  0.0056423549225736
9  0.14347683425000002  0.03465773477800853
10  0.1336222371  0.06355980521529055
11  0.17103349009999996  0.06500629914916668
12  0.10169833019999999  0.007319166911736836
13  0.1680272175  0.06326734740052617
14  0.11053745365  0.03868579222143603
15  0.14636981155  0.037492938694881815
Total= 1.112977630700001
Varianza= 0.08535814733055191

Numero de qubits: 17 
Layer   Time var(Time)
1  0.0038615565999999997  0.00020849739318499886
2  0.00354153685  0.00022638706769298342
3  0.0039063511  0.0005162824465273732
4  0.00430846685  0.0003986092083567908
5  0.00579692945  0.0005069033595308354
6  0.011378615  0.00130383190259316
7  0.03149113295  0.001860942503969117
8  0.07366365949999999  0.003872198823410163
9  0.19704121814999995  0.06257092697562089
10  0.2250353757  0.05866669978527511
11  0.25262516249999994  0.0793001980817292
12  0.21649396514999997  0.05113930591048203
13  0.24292490695000005  0.07264783884050355
14  0.23628206389999998  0.06876931193680444
15  0.21662136125000003  0.050381931307814216
Total= 1.7249723018999994
Varianza= 0.11840793179149045

Numero de qubits: 18 
Layer   Time var(Time)
1  0.0042992897  0.0001976455290966886
2  0.004017813700000001  0.00046516774009846174
3  0.00439379035  0.0008006250096185027
4  0.005473872350000001  0.0013592907135805156
5  0.007058036199999999  0.0014780841037694574
6  0.011740612549999998  0.0011923846468994588
7  0.037815534600000006  0.0020588530497054284
8  0.09856292515000001  0.002515882712960566
9  0.4242532648499999  0.04449294151642964
10  0.6540258423499999  0.0603644252190447
11  0.40048671225000004  0.006218728208489728
12  0.672113214  0.014595910058563023
13  0.53697299755  0.051725554850905964
14  0.6819319205500001  0.0112318602037031
15  0.5624656911999999  0.009868019192467648
Total= 4.105611517349998
Varianza= 0.09654348710181095

Numero de qubits: 19 
Layer   Time var(Time)
1  0.00468539105  0.0004002546147911946
2  0.004353327799999999  0.00043001500567963906
3  0.00474533195  0.0006337484269270003
4  0.0056926921  0.001088544799961669
5  0.010875885600000001  0.011221068510684802
6  0.014857180100000002  0.005915481955328635
7  0.079553188  0.06642012806260915
8  0.1467842619  0.06438297873417917
9  0.3631846162  0.07413028053852737
10  0.8244767785499999  0.037307015254854074
11  0.9894395001000001  0.06320453139529635
12  1.0040381376999998  0.0698042238982023
13  0.9882101549499998  0.058311140112629986
14  0.9785501752499999  0.05227509382397365
15  0.9778343791000003  0.04586558763977167
Total= 6.397281000349997
Varianza= 0.1665139373435789

Numero de qubits: 20 
Layer   Time var(Time)
1  0.005383861299999999  0.0005587061653161794
2  0.012661347649999998  0.032055967170862884
3  0.00532479375  0.0006067353474132585
4  0.0062225100499999995  0.0007073733801202499
5  0.0161184269  0.0313597804652458
6  0.016938198350000006  0.0024419597102039435
7  0.0497210177  0.004528849050980239
8  0.1307685  0.006097645139271932
9  0.5661562307  0.017518029580062495
10  1.3603318430500004  0.08924978868834811
11  3.0433422816499998  0.17429128464528265
12  2.13872301335  0.09628793311826615
13  3.03126353735  0.20379264085254298
14  2.1641644225  0.08522824739519734
15  3.03928167945  0.2070582086206577
Total= 15.586401663750006
Varianza= 0.6849305449981654

