Numero de qubits: 15 
Layer   Time var(Time)
1  0.04375743635  0.1312785798578333
2  0.00317283685  0.0003656582160454316
3  0.0035088188000000006  0.0006432549931311532
4  0.0035420223999999994  0.00027291802560208434
5  0.005458423600000001  0.0020745742095101202
6  0.015944533749999996  0.0307651322953856
7  0.021288357700000003  0.0009011187955401388
8  0.04779210639999999  0.003502925351822037
9  0.08037545949999998  0.05305347249241835
10  0.0650425231  0.03345306220362069
11  0.05817976585000001  0.0016823549145197718
12  0.06514393760000001  0.03819745429014654
13  0.08207314730000001  0.05755092138289028
14  0.05712932839999999  0.0019134095712511324
15  0.05762114534999999  0.0020531536128286718
Total= 0.6100298429500001
Varianza= 0.17857793074244308

Numero de qubits: 16 
Layer   Time var(Time)
1  0.0036909218  0.0003789201892145098
2  0.003178045000000001  0.00020157276925219839
3  0.003652061599999999  0.0005336591974056477
4  0.00418966125  0.0007378908651861653
5  0.005668983600000002  0.0007538157352124855
6  0.0096064075  0.000718278063146126
7  0.029504861449999996  0.0015789710438193748
8  0.07617765079999998  0.006861861221604242
9  0.17952205940000004  0.05122452741464137
10  0.14918044475000003  0.06129309822792895
11  0.15804258594999998  0.005746429366561338
12  0.16414750564999997  0.07475285290414271
13  0.15854810509999998  0.004471143019456008
14  0.13140306065  0.04722607512905432
15  0.16492907670000004  0.034648202885306977
Total= 1.241441431199999
Varianza= 0.09032857149758934

Numero de qubits: 17 
Layer   Time var(Time)
1  0.0039004517000000003  0.0003486194305127154
2  0.0037377372999999998  0.0005407257595559046
3  0.0039033803  0.000569457518913843
4  0.004159640650000001  0.00030898553267042693
5  0.005792986850000001  0.0005694475671613916
6  0.011523157000000001  0.0012239091288337135
7  0.030103569249999997  0.0018662922186912711
8  0.08201119555  0.003451695170385016
9  0.25747222295000005  0.07587869745944578
10  0.25300883544999997  0.03811310768424714
11  0.30128017835  0.07605851487573967
12  0.2728130633  0.053288557126913466
13  0.25684789005  0.04618428386329168
14  0.29584550785  0.0735471601777358
15  0.30002378585  0.07601664494258917
Total= 2.0824236024
Varianza= 0.10807997503163792

Numero de qubits: 18 
Layer   Time var(Time)
1  0.01208008925  0.029701567187495673
2  0.004017826800000001  0.0007947612844315957
3  0.0337185498  0.056007397568382994
4  0.011688776799999998  0.03131590346668272
5  0.00654262905  0.0008944532717303053
6  0.0197357349  0.031183591380241276
7  0.037523583449999995  0.0017315412020355878
8  0.11595939250000001  0.006395893219685484
9  0.3878899511  0.06718691738282315
10  0.8914627585  0.0587724400929037
11  0.5892238025000001  0.06630984558844423
12  0.8933124099499998  0.051270630612325556
13  0.5894401323999999  0.06880070746077901
14  0.8801485940500001  0.0687882562199
15  0.58931285795  0.07090345250266235
Total= 5.062057089
Varianza= 0.2898591173510297

Numero de qubits: 19 
Layer   Time var(Time)
1  0.004462164849999999  0.0003407272877169182
2  0.0041099022  0.0004986586038875295
3  0.004704138199999998  0.0012662401488164321
4  0.0048629315499999996  0.0005075385839943084
5  0.006960092249999999  0.0009962308198606827
6  0.0124728279  0.0010472257716924703
7  0.0395906145  0.002140509439136266
8  0.13341884015  0.04612801323077112
9  0.5079196441  0.04656649958976513
10  1.1056355451500002  0.03605776524742796
11  1.41317685655  0.058174899448549984
12  1.3994606256000002  0.06393873828610973
13  1.4766745054000001  0.0641095289102787
14  1.4401655796499995  0.07431842637539698
15  1.4268307444999997  0.06844060857762951
Total= 8.980445012550005
Varianza= 0.17420725526023723

Numero de qubits: 20 
Layer   Time var(Time)
1  0.004946184550000001  0.0002298404259510226
2  0.0048346075  0.0003451171811370017
3  0.005074575400000001  0.00045861820238564464
4  0.00593584755  0.0007542342896083732
5  0.008340882300000001  0.0013737273084213656
6  0.015489117149999999  0.005025708828531088
7  0.07751852945  0.06081662458904262
8  0.15383398105  0.008677110706474936
9  0.6365636584499998  0.06061200743936274
10  1.98765383565  0.0548247110008846
11  5.4156935576  0.10752262927998155
12  3.60863020735  0.08431389304019297
13  5.352440452350001  0.2760763220517766
14  3.5452334375500003  0.10651730213741828
15  5.2352632888  0.40663230916237836
Total= 26.057452162699995
Varianza= 0.5050193947409299

