Numero de qubits: 20 
Layer   D  var(D)  Renyi  var(Renyi)
1  2.0  0.0  1.351845984609902e-14  2.857341517961712e-15
2  4.0  0.0  1.8149779008793074  0.0022658859894587008
3  8.0  0.0  1.8149779008793132  0.002265885989459462
4  16.0  0.0  3.6489290532190948  0.004148589341589563
5  32.0  0.0  3.6489290532191  0.0041485893415880454
Numero de qubits: 21 
Layer   D  var(D)  Renyi  var(Renyi)
1  2.0  0.0  1.5568652808540587e-14  2.793417300406019e-15
2  4.0  0.0  1.8144397143189543  0.001949936164614607
3  8.0  0.0  1.814439714318958  0.0019499361646153368
4  16.0  0.0  3.6505557390362378  0.005185366340598827
5  32.0  0.0  3.6505557390362418  0.005185366340598593
Numero de qubits: 22 
Layer   D  var(D)  Renyi  var(Renyi)
1  2.0  0.0  0.9064569982200463  2.9324392857297544e-15
2  4.0  0.0  0.9064569982200478  5.920726853669126e-15
3  8.0  0.0  2.7299758775316727  0.003714198758127602
4  16.0  0.0  2.729975877531676  0.003714198758128516
5  32.0  0.0  4.5735246124443  0.00524553707557406
Numero de qubits: 23 
Layer   D  var(D)  Renyi  var(Renyi)
1  2.0  0.0  0.9064569982200463  3.3582181967152537e-15
2  4.0  0.0  0.9064569982200525  5.897730007554329e-15
3  8.0  0.0  2.7302845950028045  0.0037245774331046257
4  16.0  0.0  2.73028459500281  0.003724577433104036
5  32.0  0.0  4.576318055400929  0.004914044436265676
Numero de qubits: 24 
Layer   D  var(D)  Renyi  var(Renyi)
1  2.0  0.0  1.6433577964570624e-14  4.06860389033346e-15
2  4.0  0.0  1.8153906077400142  0.002901457279641601
3  8.0  0.0  1.8153906077400168  0.0029014572796398144
4  16.0  0.0  3.650924192491651  0.004684497964156897
5  32.0  0.0  3.6509241924916567  0.004684497964156773
Numero de qubits: 25 
Layer   D  var(D)  Renyi  var(Renyi)
1  2.0  0.0  1.6946126205181017e-14  3.3072954662866577e-15
2  4.0  0.0  1.8144143613213057  0.002408754976757786
3  8.0  0.0  1.814414361321313  0.0024087549767596683
4  16.0  0.0  3.6504465082124993  0.004644756794452455
5  32.0  0.0  3.650446508212505  0.004644756794452494
Numero de qubits: 26 
Layer   D  var(D)  Renyi  var(Renyi)
1  2.0  0.0  0.9064569982200492  2.904883215472872e-15
2  4.0  0.0  0.9064569982200537  6.143105879853639e-15
3  8.0  0.0  2.7295878145000225  0.003783597207881327
4  16.0  0.0  2.729587814500028  0.0037835972078819812
5  32.0  0.0  4.574445552734536  0.007251096750047671
Numero de qubits: 27 
Layer   D  var(D)  Renyi  var(Renyi)
1  2.0  0.0  0.906456998220048  2.50453125188556e-15
2  4.0  0.0  0.9064569982200478  4.0107334981402586e-15
3  8.0  0.0  2.728762495598799  0.0035886741230201744
4  16.0  0.0  2.7287624955988043  0.0035886741230224547
5  32.0  0.0  4.573892146974503  0.004682432437259989
Numero de qubits: 28 
Layer   D  var(D)  Renyi  var(Renyi)
1  2.0  0.0  1.707426326533362e-14  3.720804361423175e-15
2  4.0  0.0  1.815364579649895  0.0029181425591344704
3  8.0  0.0  1.8153645796499014  0.002918142559134239
4  16.0  0.0  3.6511899125337886  0.003383770001956351
5  32.0  0.0  3.651189912533794  0.003383770001955732
Numero de qubits: 29 
Layer   D  var(D)  Renyi  var(Renyi)
1  2.0  0.0  1.9316661818004086e-14  3.0677722252731054e-15
2  4.0  0.0  1.8150804473036186  0.002586018187462248
3  8.0  0.0  1.8150804473036266  0.002586018187461821
4  16.0  0.0  3.651434873894182  0.00477426307951864
5  32.0  0.0  3.651434873894187  0.004774263079519658
Numero de qubits: 30 
Layer   D  var(D)  Renyi  var(Renyi)
1  2.0  0.0  0.9064569982200531  3.3991685852806722e-15
2  4.0  0.0  0.9064569982200563  9.915043748147325e-15
3  8.0  0.0  2.7311485766376036  0.004283924178410187
4  16.0  0.0  2.7311485766376107  0.004283924178411953
5  32.0  0.0  4.574237255536734  0.004740898608591763
Numero de qubits: 31 
Layer   D  var(D)  Renyi  var(Renyi)
1  2.0  0.0  0.906456998220051  4.977898842651669e-15
2  4.0  0.0  0.9064569982200554  9.413486684518537e-15
3  8.0  0.0  2.7305488423542674  0.004315834913228592
4  16.0  0.0  2.7305488423542763  0.004315834913230642
5  32.0  0.0  4.575006804496313  0.005360244902939612
Numero de qubits: 32 
Layer   D  var(D)  Renyi  var(Renyi)
1  2.0  0.0  2.1238717720293065e-14  4.108761338910761e-15
2  4.0  0.0  1.8166074514307642  0.0033588179346583234
3  8.0  0.0  1.8166074514307684  0.003358817934657598
4  16.0  0.0  3.6503345267436025  0.0041000125337297706
5  32.0  0.0  3.650334526743613  0.00410001253372947
Numero de qubits: 33 
Layer   D  var(D)  Renyi  var(Renyi)
1  2.0  0.0  2.1334820515407513e-14  3.913428329948002e-15
2  4.0  0.0  1.8151050487759264  0.002743778746685082
3  8.0  0.0  1.8151050487759353  0.00274377874668585
4  16.0  0.0  3.6502718650522916  0.004172326344557535
5  32.0  0.0  3.6502718650522974  0.00417232634455695
Numero de qubits: 34 
Layer   D  var(D)  Renyi  var(Renyi)
1  2.0  0.0  0.906456998220054  3.655484123525268e-15
2  4.0  0.0  0.9064569982200563  7.382315280229505e-15
3  8.0  0.0  2.729619596711624  0.005030599272997368
4  16.0  0.0  2.7296195967116303  0.0050305992729981815
5  32.0  0.0  4.575973340641918  0.006730447638198795
Numero de qubits: 35 
Layer   D  var(D)  Renyi  var(Renyi)
1  2.0  0.0  0.9064569982200552  3.292424361072653e-15
2  4.0  0.0  0.9064569982200584  8.576751314704021e-15
3  8.0  0.0  2.730546100748104  0.005223765874687185
4  16.0  0.0  2.73054610074811  0.005223765874688238
5  32.0  0.0  4.5748791091185605  0.0057321585278530054
Numero de qubits: 36 
Layer   D  var(D)  Renyi  var(Renyi)
1  2.0  0.0  2.338501347784909e-14  4.3429768856744634e-15
2  4.0  0.0  1.8147547005835616  0.002469524239624476
3  8.0  0.0  1.814754700583567  0.002469524239626357
4  16.0  0.0  3.652067102964717  0.004737806511293885
5  32.0  0.0  3.6520671029647254  0.004737806511293897
Numero de qubits: 37 
Layer   D  var(D)  Renyi  var(Renyi)
1  2.0  0.0  2.380145892334504e-14  4.513422183260149e-15
2  4.0  0.0  1.8144807392504205  0.002401746046724932
3  8.0  0.0  1.8144807392504312  0.0024017460467255967
4  16.0  0.0  3.6499492301054373  0.004599612012015092
5  32.0  0.0  3.6499492301054466  0.0045996120120146795
Numero de qubits: 38 
Layer   D  var(D)  Renyi  var(Renyi)
1  2.0  0.0  0.9064569982200557  3.622288713661759e-15
2  4.0  0.0  0.9064569982200572  9.499935212684072e-15
3  8.0  0.0  2.729657667745883  0.00286300559774655
4  16.0  0.0  2.7296576677458915  0.0028630055977461265
5  32.0  0.0  4.573221115680699  0.004042608505910407
Numero de qubits: 39 
Layer   D  var(D)  Renyi  var(Renyi)
1  2.0  0.0  0.9064569982200574  3.4058703868823454e-15
2  4.0  0.0  0.9064569982200628  7.399201268887246e-15
3  8.0  0.0  2.7308924182371617  0.0047491081778002495
4  16.0  0.0  2.7308924182371705  0.004749108177800885
5  32.0  0.0  4.575128708900451  0.0049552960228755796
Numero de qubits: 40 
Layer   D  var(D)  Renyi  var(Renyi)
1  2.0  0.0  2.617199453616812e-14  4.168272175094171e-15
2  4.0  0.0  1.815474502342779  0.0035321628440588234
3  8.0  0.0  1.8154745023427892  0.0035321628440567344
4  16.0  0.0  3.6504524185028857  0.005928922100666099
5  32.0  0.0  3.650452418502895  0.005928922100665129
Numero de qubits: 41 
Layer   D  var(D)  Renyi  var(Renyi)
1  2.0  0.0  2.6460302921511474e-14  4.816232164485435e-15
2  4.0  0.0  1.8150577457821793  0.0025090361745385785
3  8.0  0.0  1.8150577457821897  0.00250903617453785
4  16.0  0.0  3.650511588934541  0.0054271997493153
5  32.0  0.0  3.65051158893455  0.005427199749316513
Numero de qubits: 42 
Layer   D  var(D)  Renyi  var(Renyi)
1  2.0  0.0  0.9064569982200599  3.943636581496298e-15
2  4.0  0.0  0.9064569982200602  1.0784375240729771e-14
3  8.0  0.0  2.729096374115367  0.004739857372282991
4  16.0  0.0  2.7290963741153766  0.004739857372283764
5  32.0  0.0  4.574421086180553  0.005145656882607332
Numero de qubits: 43 
Layer   D  var(D)  Renyi  var(Renyi)
1  2.0  0.0  0.9064569982200601  4.664324275753179e-15
2  4.0  0.0  0.9064569982200623  1.1614041946241625e-14
3  8.0  0.0  2.7312951150046496  0.004408771619744883
4  16.0  0.0  2.731295115004658  0.004408771619744452
5  32.0  0.0  4.575365372668228  0.005895186848964452
Numero de qubits: 44 
Layer   D  var(D)  Renyi  var(Renyi)
1  2.0  0.0  3.065679164150909e-14  2.951849320902717e-15
2  4.0  0.0  1.8143236349681762  0.002383408910264908
3  8.0  0.0  1.8143236349681877  0.002383408910268076
4  16.0  0.0  3.651046740323065  0.0057769573704239425
5  32.0  0.0  3.651046740323075  0.005776957370423969
Numero de qubits: 45 
Layer   D  var(D)  Renyi  var(Renyi)
1  2.0  0.0  2.98239007505172e-14  4.7144818170398355e-15
2  4.0  0.0  1.8145374868428061  0.0023334941852573734
3  8.0  0.0  1.8145374868428195  0.0023334941852581675
4  16.0  0.0  3.650343707702755  0.005357869114650949
5  32.0  0.0  3.650343707702766  0.005357869114650659
Numero de qubits: 46 
Layer   D  var(D)  Renyi  var(Renyi)
1  2.0  0.0  0.9064569982200629  4.727777565767197e-15
2  4.0  0.0  0.9064569982200743  9.715973937743983e-15
3  8.0  0.0  2.7324211748714324  0.004852140971007059
4  16.0  0.0  2.732421174871443  0.004852140971005755
5  32.0  0.0  4.576203964834926  0.004008193773738104
Numero de qubits: 47 
Layer   D  var(D)  Renyi  var(Renyi)
1  2.0  0.0  0.906456998220062  5.036363727012431e-15
2  4.0  0.0  0.9064569982200716  1.0437808869051194e-14
3  8.0  0.0  2.7302277580249337  0.004267663857399563
4  16.0  0.0  2.7302277580249457  0.004267663857400681
5  32.0  0.0  4.574018894294046  0.005172480953394717
Numero de qubits: 48 
Layer   D  var(D)  Renyi  var(Renyi)
1  2.0  0.0  3.152171679753914e-14  4.2911569053081565e-15
2  4.0  0.0  1.8152514661963113  0.003015486972696369
3  8.0  0.0  1.8152514661963224  0.0030154869726975553
4  16.0  0.0  3.65099060285311  0.005143197594738514
5  32.0  0.0  3.650990602853119  0.0051431975947392825
Numero de qubits: 49 
Layer   D  var(D)  Renyi  var(Renyi)
1  2.0  0.0  3.2034265038149546e-14  5.4777656532811706e-15
2  4.0  0.0  1.8156034804523575  0.003152744116036528
3  8.0  0.0  1.8156034804523666  0.003152744116038602
4  16.0  0.0  3.6493766041245514  0.0034912864869377914
5  32.0  0.0  3.6493766041245643  0.003491286486935647
Numero de qubits: 50 
Layer   D  var(D)  Renyi  var(Renyi)
1  2.0  0.0  0.906456998220065  3.671046067547099e-15
2  4.0  0.0  0.9064569982200762  9.721173918946301e-15
3  8.0  0.0  2.7302545072889606  0.004133651792749201
4  16.0  0.0  2.73025450728897  0.00413365179274934
5  32.0  0.0  4.575520936263951  0.0062122795067900876
Numero de qubits: 51 
Layer   D  var(D)  Renyi  var(Renyi)
1  2.0  0.0  0.906456998220067  4.923185078068423e-15
2  4.0  0.0  0.9064569982200743  6.585831378251721e-15
3  8.0  0.0  2.7304216569378985  0.002231770545145387
4  16.0  0.0  2.730421656937909  0.002231770545143173
5  32.0  0.0  4.5780858674135585  0.005492231163281114
Numero de qubits: 52 
Layer   D  var(D)  Renyi  var(Renyi)
1  2.0  0.0  3.344377269982814e-14  4.546609141585593e-15
2  4.0  0.0  1.8158617920565217  0.0034918311648997934
3  8.0  0.0  1.815861792056534  0.0034918311648987456
4  16.0  0.0  3.6513905635854216  0.005458911079248883
5  32.0  0.0  3.6513905635854345  0.005458911079249742
Numero de qubits: 53 
Layer   D  var(D)  Renyi  var(Renyi)
1  2.0  0.0  3.3251567109599234e-14  6.208038900626126e-15
2  4.0  0.0  1.8152692036086584  0.002985865654252434
3  8.0  0.0  1.815269203608668  0.0029858656542536854
4  16.0  0.0  3.6497594050911446  0.005176937168167664
5  32.0  0.0  3.649759405091154  0.005176937168168633
Numero de qubits: 54 
Layer   D  var(D)  Renyi  var(Renyi)
1  2.0  0.0  0.9064569982200679  4.507833612770939e-15
2  4.0  0.0  0.9064569982200827  9.362182354484613e-15
3  8.0  0.0  2.732028792414714  0.003919327224787429
4  16.0  0.0  2.7320287924147264  0.003919327224788388
5  32.0  0.0  4.577802702465897  0.005507075237563369
Numero de qubits: 55 
Layer   D  var(D)  Renyi  var(Renyi)
1  2.0  0.0  0.9064569982200672  4.8664635199855204e-15
2  4.0  0.0  0.9064569982200787  1.0530978934668428e-14
3  8.0  0.0  2.730062080390949  0.002957987877118463
4  16.0  0.0  2.7300620803909608  0.00295798787711873
5  32.0  0.0  4.5765545018771645  0.005161208614366063
Numero de qubits: 56 
Layer   D  var(D)  Renyi  var(Renyi)
1  2.0  0.0  3.715974744425354e-14  4.016437703528014e-15
2  4.0  0.0  1.8149061209855517  0.002906405207184081
3  8.0  0.0  1.814906120985564  0.0029064052071838403
4  16.0  0.0  3.6495832316514787  0.005334712417339859
5  32.0  0.0  3.6495832316514893  0.005334712417340261
Numero de qubits: 57 
Layer   D  var(D)  Renyi  var(Renyi)
1  2.0  0.0  3.696754185402464e-14  5.101802434342154e-15
2  4.0  0.0  1.8152813200552766  0.0025050452636495037
3  8.0  0.0  1.8152813200552913  0.0025050452636468483
4  16.0  0.0  3.6494744963064703  0.004871706182550908
5  32.0  0.0  3.649474496306481  0.004871706182553574
Numero de qubits: 58 
Layer   D  var(D)  Renyi  var(Renyi)
1  2.0  0.0  0.9064569982200718  4.19592338238191e-15
2  4.0  0.0  0.9064569982200797  1.2955237143886595e-14
3  8.0  0.0  2.7313644441126232  0.004141587841765814
4  16.0  0.0  2.7313644441126375  0.004141587841766302
5  32.0  0.0  4.573658293917742  0.004505889068557286
Numero de qubits: 59 
Layer   D  var(D)  Renyi  var(Renyi)
1  2.0  0.0  0.9064569982200709  6.128038885029303e-15
2  4.0  0.0  0.9064569982200876  1.4247907807805675e-14
3  8.0  0.0  2.7305237407119427  0.0052365376017518015
4  16.0  0.0  2.7305237407119596  0.005236537601753672
5  32.0  0.0  4.575892450257634  0.006836244185715359
Numero de qubits: 60 
Layer   D  var(D)  Renyi  var(Renyi)
1  2.0  0.0  4.023503688791594e-14  5.757618899042265e-15
2  4.0  0.0  1.8147044518044233  0.0025307857119098356
3  8.0  0.0  1.8147044518044375  0.0025307857119045048
4  16.0  0.0  3.6493201172714778  0.003999921614623883
5  32.0  0.0  3.6493201172714884  0.003999921614623423
