Numero de qubits: 15 
Layer   Time var(Time)
1  0.016597107650000005  0.05398651755652243
2  0.0031417202499999996  0.00031866140847957653
3  0.00358372235  0.0005542807899889978
4  0.0036429453  0.0002929198786395523
5  0.012233333400000001  0.029480185598204582
6  0.009181335149999999  0.0014637002156671726
7  0.0221088057  0.0026523207397563574
8  0.04328321015  0.0019353120026807118
9  0.07292662054999999  0.05498890864613471
10  0.060710524200000004  0.0345347229384689
11  0.0554834392  0.008209969553114827
12  0.050911261799999996  0.003955287913009047
13  0.06207013275000001  0.030751550782904685
14  0.05145418945  0.00541953031971771
15  0.052705716550000004  0.00548218106059038
Total= 0.52003406445
Varianza= 0.08695732633782532

Numero de qubits: 16 
Layer   Time var(Time)
1  0.0040078563  0.0017869014647390632
2  0.003509402050000001  0.0004263011414057527
3  0.003699052799999999  0.00047581884530402944
4  0.004173573250000001  0.0006778727996332995
5  0.0056907305  0.0009387195503952446
6  0.011831036400000002  0.008569712250214329
7  0.034915298250000004  0.03036309081623321
8  0.0631671268  0.003631659578290353
9  0.15689601609999998  0.05830935220643674
10  0.10353533475000001  0.030473616537225974
11  0.16328617539999998  0.06573803111656273
12  0.09498363870000001  0.0073976495464150365
13  0.170376005  0.06947631124236538
14  0.09473739020000002  0.007506787968429983
15  0.13728296594999995  0.037036126631695025
Total= 1.0520916024500002
Varianza= 0.05242875728699636

Numero de qubits: 17 
Layer   Time var(Time)
1  0.003959945249999999  0.00044367218993045704
2  0.0035891563  0.0003544805727872967
3  0.010909024899999998  0.03098488436403277
4  0.0042111383  0.00027168046414015486
5  0.00599617435  0.000993098387533394
6  0.010604747950000002  0.0016139172671267097
7  0.02908696474999999  0.0018226078560109103
8  0.08064893509999999  0.03638098957994294
9  0.18437648099999998  0.061745338338473635
10  0.21507784880000003  0.061650447099822155
11  0.2428638804  0.07363963267017361
12  0.21626765335  0.06140123317289978
13  0.21657870395  0.06513753991806738
14  0.23862022079999995  0.06977805481148794
15  0.22651297469999995  0.07088797272580495
Total= 1.6893038499000004
Varianza= 0.11829474944249437

Numero de qubits: 18 
Layer   Time var(Time)
1  0.004243246450000001  0.0002919115384373278
2  0.0038709238499999993  0.00029031427246094455
3  0.00419585115  0.0006189470976237206
4  0.0046353099000000005  0.00035661119995646513
5  0.0070672755  0.0012701963905196905
6  0.011682455499999998  0.0012922082328613875
7  0.03598807985  0.001947405122671251
8  0.09544263355  0.006404260362103452
9  0.38118165775  0.05373784115331985
10  0.6411848413  0.03734215447304107
11  0.40027107235  0.05455773941451471
12  0.6302979900500002  0.043743372700063274
13  0.4298172176  0.06861650318545358
14  0.6482453015999999  0.016458696334630474
15  0.5079744367499999  0.04183442895720972
Total= 3.80609829315
Varianza= 0.08821127031953983

Numero de qubits: 19 
Layer   Time var(Time)
1  0.0046448151  0.0004415647962623265
2  0.00427275955  0.0006315835547324261
3  0.005725481549999999  0.005372447597024623
4  0.005304755949999999  0.0009117704847972693
5  0.007015065050000001  0.0008977956982246836
6  0.021773092299999998  0.031475516889572085
7  0.0446969471  0.030348691349499277
8  0.1352200546  0.060259681625991636
9  0.35744851490000007  0.07146135289348547
10  0.7809237212  0.04779779861794806
11  0.9153002965500001  0.014389241647028579
12  0.9773742630500001  0.07334821359398362
13  0.9170508501499999  0.03067723093694857
14  0.9836066647999999  0.07214287530912615
15  0.9121892015499998  0.03311352989922157
Total= 6.072546483399998
Varianza= 0.15459051006305746

Numero de qubits: 20 
Layer   Time var(Time)
1  0.0049499923999999995  0.00036741841029028455
2  0.00467918845  0.00041262362226713033
3  0.00490034415  0.00047715822094146867
4  0.005756544550000001  0.0007044194946868291
5  0.0082728007  0.0012949491412537059
6  0.013983601699999997  0.0016374794656599846
7  0.044875359100000005  0.002382133157642156
8  0.12434915845000001  0.001742783351639881
9  0.5216150689  0.018850161160508926
10  1.3548956911999999  0.017502956814112375
11  3.0038457470000006  0.062581339535819
12  2.1399609536499997  0.02550425871915126
13  2.9536039774500003  0.18448339036462247
14  2.1242412476999997  0.03272649055516262
15  3.001747065300001  0.07196338872638063
Total= 15.31167674069999
Varianza= 0.2316823826012243

