Numero de qubits: 15 
Layer   Time var(Time)
1  0.0594433598  0.24498886626596858
2  0.00332291305  0.0008915436273108835
3  0.0035520584  0.0007465956053838248
4  0.0035874668499999993  0.00036257767554929185
5  0.005233550049999999  0.0011364890266179638
6  0.01111792935  0.00687099029225021
7  0.030014376150000004  0.031025026306731512
8  0.05277281660000001  0.03702887108719598
9  0.0573713573  0.007597439294354435
10  0.05340714675  0.0034086733149764135
11  0.06215880945  0.029661328532508947
12  0.06147565614999999  0.030663560140319318
13  0.06297937699999999  0.03456173858793782
14  0.0610257479  0.033439331957155705
15  0.06371394555000001  0.03588346187642903
Total= 0.5911765103500002
Varianza= 0.2510574326119674

Numero de qubits: 16 
Layer   Time var(Time)
1  0.0036191935000000003  0.0002868568029502699
2  0.0038070225500000006  0.0010095031566454595
3  0.0039891541  0.0008218988342069783
4  0.00426971075  0.0008739815005134763
5  0.0057379285  0.0007535036467297619
6  0.011471975500000002  0.005153183018395422
7  0.0360302038  0.03080565020242378
8  0.07420232719999999  0.03525845300760518
9  0.16648382109999998  0.06602120701823654
10  0.12463417085000002  0.06579367762152066
11  0.14487042755  0.04825569042345958
12  0.12279919149999999  0.06528562884345845
13  0.1408674849  0.047929950808715115
14  0.12030814029999999  0.0629582481072998
15  0.15817646179999997  0.061357547841715446
Total= 1.1212672139000002
Varianza= 0.09841584447584487

Numero de qubits: 17 
Layer   Time var(Time)
1  0.0039614651  0.0002880563228929198
2  0.0037556764000000005  0.0003857559112597498
3  0.003987413600000001  0.0006371293555257363
4  0.004740831000000001  0.0010463870153727061
5  0.00770561795  0.0058790120544291065
6  0.011462849449999996  0.0016631882273387003
7  0.03754588364999999  0.0314803885309252
8  0.08006943415000001  0.03735568824561395
9  0.1848980388  0.0642542420944263
10  0.23744620854999998  0.0764289084538204
11  0.23771818425000002  0.07628545988589806
12  0.19962015945  0.055151103789327395
13  0.24406272544999993  0.0784616522690175
14  0.22233210060000003  0.06521537725243065
15  0.1978156888  0.050127121124072097
Total= 1.6771222771999998
Varianza= 0.07934992566778075

Numero de qubits: 18 
Layer   Time var(Time)
1  0.0067190539999999995  0.006788160073070891
2  0.0041811211999999995  0.0007223443199399853
3  0.004776998999999999  0.001438016402093279
4  0.012871090550000002  0.03308598731763753
5  0.014093062350000001  0.03184362185111517
6  0.01174535405  0.0011565393847744864
7  0.03684726765  0.002343174361388035
8  0.09438710315000001  0.0054813383144143935
9  0.32961786695  0.06892291002759601
10  0.58535700425  0.07581934855658745
11  0.3940536271  0.05865307408613677
12  0.6230821293500001  0.0103933927286577
13  0.4959919918500001  0.04482863962084637
14  0.6166006954000001  0.03170619436366235
15  0.48745625100000006  0.06407914669443023
Total= 3.717780617849999
Varianza= 0.12695669762449122

Numero de qubits: 19 
Layer   Time var(Time)
1  0.00467995745  0.0004225583823754386
2  0.0043717897999999995  0.0007211576342253197
3  0.004476401400000001  0.0007200692146739367
4  0.006892148149999999  0.008445749037689425
5  0.007383269449999999  0.000808839818824251
6  0.0235700577  0.03225891527565896
7  0.052379707649999996  0.04109499980761507
8  0.14323097460000003  0.06445730990757227
9  0.35366268459999994  0.07380023580959573
10  0.7594457148500002  0.04552186121235113
11  0.9030551441  0.051029000641500885
12  0.90918880475  0.061449611217010286
13  0.9107724516  0.05969750958356372
14  0.9155223166500003  0.06717614760307576
15  0.8937439126  0.05111782855124897
Total= 5.89237533535
Varianza= 0.14273594915889878

Numero de qubits: 20 
Layer   Time var(Time)
1  0.0050203312  0.00020970690249979843
2  0.004737034449999999  0.00031709832196094557
3  0.004956379550000001  0.000369438442094955
4  0.0057282609499999994  0.0003743992321451093
5  0.008197168799999998  0.000862511015761167
6  0.015512618550000001  0.0015208353870736792
7  0.044998515  0.002861151989015718
8  0.12314391285  0.00196341740939002
9  0.5238455176000001  0.006927993900114938
10  1.2953560773500004  0.05971479654433323
11  2.8819645666999993  0.060460502043318015
12  2.0315274744  0.05951283084865973
13  2.8100310471  0.15140701942323712
14  2.0278421472500003  0.04592567931670308
15  2.8664132525499997  0.14685848952269565
Total= 14.649274304299999
Varianza= 0.31519219714906666

