Numero de qubits: 20 
Layer   Time var(Time)
1  0.048270930100000005  0.14128766985172483
2  0.0043952177000000005  0.0007744633995637947
3  0.00795444055  0.008498589183205224
4  0.005097624149999999  0.0004644903565199471
5  0.014889928299999999  0.02998700418594944
6  0.022407484450000004  0.02902718715915985
7  0.04886452680000001  0.0031042232125232014
8  0.1426367456  0.04198478445049114
Total= 0.29451689765
Varianza= 0.18711623632754545

Numero de qubits: 21 
Layer   Time var(Time)
1  0.0045909962  0.00021406598827361628
2  0.011132570099999997  0.02889032693156113
3  0.004525016200000001  0.000266060532241368
4  0.0054650757000000005  0.0008740922773239164
5  0.007770878749999999  0.0009598247568915314
6  0.014000315499999996  0.0006862763999169359
7  0.05120680115  0.002854838883324719
8  0.1754705216  0.061071779113546956
Total= 0.27416217519999997
Varianza= 0.06829152440145247

Numero de qubits: 22 
Layer   Time var(Time)
1  0.004796612399999999  0.00028273553503272277
2  0.0112096229  0.028346492101629633
3  0.0048249873  0.0003052476942275077
4  0.005709775749999998  0.0005479980446787995
5  0.00855449765  0.0009624832222590831
6  0.016286243500000006  0.0014214759554102385
7  0.0603594393  0.00338703689046156
8  0.1967714749  0.05590473315683656
Total= 0.30851265370000003
Varianza= 0.06250113163233631

Numero de qubits: 23 
Layer   Time var(Time)
1  0.005111620249999999  0.00035499083431222197
2  0.004826079999999999  0.000439826075521336
3  0.005519876250000001  0.0009263401156297223
4  0.0077515638999999985  0.005840610242965618
5  0.00820961205  0.0006857923833577095
6  0.02363644695  0.0279569540199172
7  0.06214532895  0.0035352320045404307
8  0.22236299375000002  0.06427258788058021
Total= 0.33956352210000007
Varianza= 0.06966278602846168

Numero de qubits: 24 
Layer   Time var(Time)
1  0.0052615946  0.0002671518896037234
2  0.005419321750000001  0.0007713147111741663
3  0.005494997799999999  0.0006515340607123776
4  0.006146267049999999  0.0005296624124514099
5  0.008915790849999999  0.000664009052416778
6  0.019130130599999996  0.0022074753679199323
7  0.0712424891  0.00458049066129215
8  0.2744141711  0.077553183001787
Total= 0.39602476285000004
Varianza= 0.07979823864303752

Numero de qubits: 25 
Layer   Time var(Time)
1  0.0056547479000000015  0.0004293276462496795
2  0.0055529762  0.0007210202247205415
3  0.0057131063  0.0005957706381967897
4  0.006706218850000001  0.0006525528988949687
5  0.01042449045  0.0018859167962983808
6  0.018941641100000003  0.0028381798917204476
7  0.06922053299999999  0.0031778861266387125
8  0.28160593635  0.08003458763790758
Total= 0.4038196501500001
Varianza= 0.08389489395090113

Numero de qubits: 26 
Layer   Time var(Time)
1  0.00583765745  0.0003757228464086892
2  0.00574849085  0.0007319639945985918
3  0.005990681549999999  0.0006359195767791299
4  0.0069635565  0.0009264896629781953
5  0.010438965799999998  0.001678229570746851
6  0.02078634345  0.003002402569316271
7  0.1025337224  0.052540389493492046
8  0.2894924992  0.07167078803619974
Total= 0.4477919172000001
Varianza= 0.07826273402266862

Numero de qubits: 27 
Layer   Time var(Time)
1  0.012544058799999999  0.02808669138797349
2  0.0058767461  0.0006990310068019801
3  0.0062927127  0.0006494166533122707
4  0.0087371038  0.006189419962725518
5  0.0104556032  0.001053880534375391
6  0.02848040945  0.027794961826445745
7  0.081878766  0.005234029098600083
8  0.30047483835  0.06883196756216647
Total= 0.4547402384
Varianza= 0.0711721799485551

Numero de qubits: 28 
Layer   Time var(Time)
1  0.0062991506  0.00037665816028919374
2  0.00625022345  0.0007129525816743689
3  0.00651060005  0.0007711415229700366
4  0.007551627700000001  0.0008094176848041499
5  0.010923400350000001  0.0008366389700443838
6  0.025146664199999995  0.0043755259181121825
7  0.13626611759999996  0.06746791050749425
8  0.31986609005  0.06787410952739949
Total= 0.518813874
Varianza= 0.0717516550940153

Numero de qubits: 29 
Layer   Time var(Time)
1  0.00743347425  0.00454917111584129
2  0.019213227799999996  0.03845701902935609
3  0.006890892  0.0009556584870047461
4  0.00766275695  0.000578023239586392
5  0.0122193984  0.0022226097508736974
6  0.025588918199999998  0.0049415439994187
7  0.09237575055  0.00409404533631156
8  0.34592432730000006  0.07348539917315428
Total= 0.51730874545
Varianza= 0.07467285994709345

Numero de qubits: 30 
Layer   Time var(Time)
1  0.006790389450000001  0.0005250274713265464
2  0.014351733749999998  0.028863579963338867
3  0.007121285600000001  0.0010322435033186406
4  0.016512024599999998  0.028927671167893482
5  0.018494874  0.027750179151355667
6  0.028799295000000003  0.006564248909088701
7  0.12954291279999997  0.061055544913069346
8  0.36624349775  0.07329500615376607
Total= 0.5878560129500002
Varianza= 0.06386690729716536

Numero de qubits: 31 
Layer   Time var(Time)
1  0.0134265629  0.028187696237953513
2  0.006662109899999999  0.00031190369416775104
3  0.007348469249999999  0.000695077235372579
4  0.009149224899999999  0.0011373861918501957
5  0.012272635500000002  0.0010265110708932224
6  0.0264011209  0.003920303066196999
7  0.13796094060000003  0.06173377895664557
8  0.35569082905  0.07573668479544171
Total= 0.5689118929999999
Varianza= 0.07682823042882575

Numero de qubits: 32 
Layer   Time var(Time)
1  0.00754149365  0.0005239663148120569
2  0.007337688099999999  0.0007451737455093207
3  0.016275402350000003  0.013097897753306961
4  0.0214230952  0.014401392063820488
5  0.08120047289999999  0.06328410854538383
6  0.056464007450000006  0.05591566903580209
7  0.10522939  0.002700543158446519
8  0.3507755146999999  0.03143940803336569
Total= 0.64624706435
Varianza= 0.06026533814167582

Numero de qubits: 33 
Layer   Time var(Time)
1  0.009006626400000002  0.0045605450647895965
2  0.0115011063  0.010416137411618136
3  0.029863873949999998  0.028286267467291928
4  0.035810628100000005  0.045624905276812525
5  0.11716116114999997  0.052355502423977886
6  0.024535334449999995  0.000464136477723684
7  0.10663608159999997  0.0009388499342898415
8  0.3545344961  0.004624435133404364
Total= 0.6890493080499999
Varianza= 0.009295543121809021

Numero de qubits: 34 
Layer   Time var(Time)
1  0.01518309235  0.028409975585485702
2  0.009087815499999999  0.005607619925106288
3  0.014618146449999998  0.028412036557108576
4  0.01686800895  0.028414736627893875
5  0.015965294649999996  0.004182333899163448
6  0.030270501649999997  0.006130545846191277
7  0.12194166030000002  0.006439726306099741
8  0.43639433525  0.06864221215329765
Total= 0.6603288551
Varianza= 0.06804853561105276

Numero de qubits: 35 
Layer   Time var(Time)
1  0.008306214199999998  0.000969618413225409
2  0.00813235965  0.0011204825436150836
3  0.008221197049999998  0.0004735906495304227
4  0.01105090135  0.0014140129470612097
5  0.014925674149999998  0.0007411479248941656
6  0.03686031584999999  0.009709969411416143
7  0.1196111951  0.008997973040613505
8  0.52986999925  0.03334125194657582
Total= 0.7369778566
Varianza= 0.03661076944187163

Numero de qubits: 36 
Layer   Time var(Time)
1  0.009169925899999997  0.0016902252454410005
2  0.00902394905  0.0018559968765817058
3  0.009260646549999998  0.0017990969085176448
4  0.0112873366  0.002394703437186897
5  0.0171849232  0.005868747615975819
6  0.03788544645  0.007799118245405011
7  0.1286018291  0.0009923216240763848
8  0.58888077315  0.009616641797661972
Total= 0.8112948300000001
Varianza= 0.010861798558182142

Numero de qubits: 37 
Layer   Time var(Time)
1  0.00873670455  0.0008944264646303505
2  0.008651838699999997  0.0011727365104801293
3  0.009137581700000001  0.0010313732298783548
4  0.0120277283  0.0025104125530108013
5  0.017529083800000005  0.007284725613821522
6  0.0436472207  0.027527835766120504
7  0.13209453795  0.0024341881862670034
8  0.5760546313  0.03750528738185437
Total= 0.8078793270000002
Varianza= 0.015634522069781404

Numero de qubits: 38 
Layer   Time var(Time)
1  0.016607896100000002  0.02822409356885576
2  0.00914694595  0.0012905371948671793
3  0.010973150950000001  0.008031189057807765
4  0.025608110850000004  0.03923404332928828
5  0.02352368115  0.0288913932119353
6  0.04175678425  0.010292772878397194
7  0.14706067045  0.034420919106885384
8  0.6031085871499999  0.047476435506039166
Total= 0.8777858268499997
Varianza= 0.05122728068935976

Numero de qubits: 39 
Layer   Time var(Time)
1  0.0167101532  0.028283010543725062
2  0.008896433700000001  0.0003741778324384143
3  0.0094716183  0.0001489053927720886
4  0.0206019857  0.02791380251492999
5  0.019759244199999998  0.005307133986799434
6  0.041884077  0.01175575049891314
7  0.16442745619999996  0.05315395246086621
8  0.5779243652  0.07607224017733819
Total= 0.8596753335000002
Varianza= 0.058237472283116196

Numero de qubits: 40 
Layer   Time var(Time)
1  0.016276610000000004  0.028658281069945293
2  0.009713837299999998  0.0010210320313238021
3  0.010882013200000002  0.0012042600921596046
4  0.01593635995  0.008380416095229177
5  0.021256327100000003  0.009069837731664927
6  0.0677049629  0.048908929057385434
7  0.14799768835000002  0.0053003243045859115
8  0.6401184854499998  0.012968735600655715
Total= 0.9298862842499999
Varianza= 0.058048475481248335

Numero de qubits: 41 
Layer   Time var(Time)
1  0.009726263749999998  0.0005285218871079866
2  0.009990798000000002  0.001027481911212796
3  0.014165532849999996  0.008434917032492058
4  0.0196505727  0.014328551179206148
5  0.0312197842  0.039816801826910865
6  0.06237144524999999  0.050223218780479396
7  0.1478598397  0.0060465177875854165
8  0.6452144306500001  0.015696928337072175
Total= 0.9401986671
Varianza= 0.0543341948446377

Numero de qubits: 42 
Layer   Time var(Time)
1  0.010593901300000002  0.0013639531444816977
2  0.011774689500000001  0.006193145857308242
3  0.01441651825  0.010688863558310384
4  0.01312602455  0.0014436654967812479
5  0.034098729800000005  0.039506832002849636
6  0.04999853885  0.027795307681986303
7  0.1805562027  0.052625021921382714
8  0.6529459502000001  0.060429837129418386
Total= 0.9675105551499998
Varianza= 0.05537748311194218

Numero de qubits: 43 
Layer   Time var(Time)
1  0.0128809067  0.007032996641292367
2  0.011970684450000001  0.006240155715199537
3  0.012992607149999998  0.007583799362178664
4  0.03637202265  0.04682271297957618
5  0.037358250999999995  0.03842808005826859
6  0.053772357849999994  0.04331935428043491
7  0.16132302584999997  0.005078487195960448
8  0.6877770198  0.011540964901799865
Total= 1.0144468754499998
Varianza= 0.06812090076991258

Numero de qubits: 44 
Layer   Time var(Time)
1  0.010316525949999999  7.137038964477854e-5
2  0.0170995726  0.028929042552671067
3  0.014380198450000001  0.0031973871284440123
4  0.01388992055  0.0034028063068674143
5  0.018651919600000004  0.0020637688943064923
6  0.04572822210000001  0.007988522538025069
7  0.23905698825  0.07314329169420278
8  0.6816372990499999  0.031759288090632644
Total= 1.04076064655
Varianza= 0.061014807257359326

Numero de qubits: 45 
Layer   Time var(Time)
1  0.01833428205  0.028641429973093976
2  0.010983282949999998  0.0009720544915393617
3  0.0147681864  0.008040541303641983
4  0.02233130545  0.02885379015392585
5  0.028358251499999987  0.028857827347664938
6  0.05891170155000001  0.03657530386415084
7  0.18536954509999998  0.03803989470615068
8  0.6917429505499999  0.05035219652235763
Total= 1.03079950555
Varianza= 0.08742602496423157

Numero de qubits: 46 
Layer   Time var(Time)
1  0.0176361646  0.02856583244376489
2  0.01152084605  0.0012971673808089869
3  0.014758641499999997  0.008267899711200545
4  0.01860411415  0.009368669191955644
5  0.03738922615  0.03862236678881468
6  0.05666551620000001  0.029236826504461712
7  0.20392035520000001  0.05163209887333562
8  0.7270110697499998  0.020903062584200965
Total= 1.0875059336000001
Varianza= 0.07437874417477905

Numero de qubits: 47 
Layer   Time var(Time)
1  0.011100785  0.0001762180594663895
2  0.012216216999999998  0.001285563516525341
3  0.013286647499999998  0.0015370186945280625
4  0.01949491545  0.009514643120287136
5  0.029143657949999995  0.009134403721748337
6  0.0716874226  0.050421639459803304
7  0.20622944864999998  0.05947968027506566
8  0.7462504078000001  0.03223875159865529
Total= 1.1094095019500003
Varianza= 0.06620810850766579

Numero de qubits: 48 
Layer   Time var(Time)
1  0.015524294  0.008951556225171351
2  0.01221485605  0.0013069996255054735
3  0.03086477145  0.03957123362815649
4  0.027467654049999995  0.030015306705287476
5  0.040080460899999996  0.039649540304648706
6  0.0829926429  0.058424647659694906
7  0.20538284230000006  0.046977148654296
8  0.7755972716999999  0.019305969342434937
Total= 1.19012479335
Varianza= 0.07866110192531627

Numero de qubits: 49 
Layer   Time var(Time)
1  0.014126265899999999  0.007016162370076864
2  0.013213958949999998  0.001528410185315888
3  0.028462814249999996  0.03934040504813281
4  0.021307999149999993  0.010545836868939094
5  0.029974669949999998  0.01200091004460901
6  0.13990892165  0.06099613086058406
7  0.18865968885  0.011290345493987556
8  0.7905050371500002  0.014556095039104273
Total= 1.22615935585
Varianza= 0.06284914670664345

Numero de qubits: 50 
Layer   Time var(Time)
1  0.012549736000000002  0.0007416381937673517
2  0.01620418805  0.010479534768072715
3  0.028469304200000007  0.01784394390423522
4  0.03479641645  0.04031982333210502
5  0.09126618100000002  0.05852476858173139
6  0.09517438745  0.06437784576444609
7  0.19995497805  0.0049329643793266376
8  0.82090032315  0.005183388208450042
Total= 1.2993155143500004
Varianza= 0.031911538142708425

Numero de qubits: 51 
Layer   Time var(Time)
1  0.06348151825000001  0.058095249806605596
2  0.022831094550000004  0.029986930457341302
3  0.04223010965  0.05287213317628243
4  0.0285546479  0.02969097402263468
5  0.03675721454999999  0.039822608577382915
6  0.06808011335  0.029319825386960555
7  0.19668377334999995  0.005104484428848326
8  0.8309691113000002  0.00916295090777018
Total= 1.2895875829000008
Varianza= 0.06338480597283298

Numero de qubits: 52 
Layer   Time var(Time)
1  0.030197489349999995  0.038573393596483416
2  0.029122578699999995  0.040065777966246705
3  0.0419075478  0.05251320242752111
4  0.03147464545  0.03995138116010666
5  0.028163447450000007  0.007512072784824735
6  0.057279427300000005  0.013711050562681808
7  0.20548227604999997  0.003870206925014181
8  0.8415000880999999  0.017571018003886524
Total= 1.2651275002
Varianza= 0.09313760773443917

Numero de qubits: 53 
Layer   Time var(Time)
1  0.028165822849999994  0.03886760427771643
2  0.034124525249999996  0.04709938368025258
3  0.022747392550000002  0.029232678601885657
4  0.026961691  0.028796946527694392
5  0.02771837655  0.0067824704627026606
6  0.055887566799999996  0.014400761811525272
7  0.20661984360000002  0.0029273732903390406
8  0.8415933088499999  0.01517452609835027
Total= 1.2438185274500004
Varianza= 0.08721450695037383

Numero de qubits: 54 
Layer   Time var(Time)
1  0.013333730050000001  0.0008901400663373416
2  0.01381767955  0.0012226369671574009
3  0.0163768559  0.0016757582537252468
4  0.0213143781  0.006053008853924673
5  0.026130986099999996  0.004991029591649092
6  0.059489413550000016  0.012918928667962697
7  0.21817436360000003  0.004113463787434518
8  0.9056535550500001  0.06442013584374919
Total= 1.2742909618999998
Varianza= 0.06752616398688249

Numero de qubits: 55 
Layer   Time var(Time)
1  0.013923186299999998  0.001059015209062934
2  0.013537400200000002  0.0005139815080862928
3  0.0173200978  0.003395708314237688
4  0.020377570249999997  0.0034722979923613824
5  0.03183362050000001  0.00879505322157058
6  0.05968048989999999  0.014879562352483573
7  0.22334904644999995  0.006437215498539498
8  0.91049886645  0.07120765829780674
Total= 1.29052027785
Varianza= 0.06811639937488216

Numero de qubits: 56 
Layer   Time var(Time)
1  0.015217574950000002  0.005251019234408901
2  0.0147313136  0.00177681344070863
3  0.0251513432  0.02884350129120062
4  0.02033290965  0.0050435789555916075
5  0.030523296699999997  0.008780504518310955
6  0.07223020025  0.03739158860892054
7  0.2559080952  0.05998337435913315
8  0.9279161137499999  0.0673778393748842
Total= 1.3620108473000003
Varianza= 0.06522230993053338

Numero de qubits: 57 
Layer   Time var(Time)
1  0.0143631598  0.0009355100988104085
2  0.021957051750000005  0.029184150904418484
3  0.0190146422  0.004624270753484419
4  0.021559738300000002  0.00533318828360751
5  0.03093805555  0.009178534900965282
6  0.07400176895  0.03810105187040103
7  0.26493436765000006  0.06307871058679673
8  0.9469254192000003  0.06852219276648801
Total= 1.3936942033999997
Varianza= 0.05847601803599181

Numero de qubits: 58 
Layer   Time var(Time)
1  0.014687040500000002  0.0007935135553755523
2  0.015775525749999998  0.0012931687722842634
3  0.020925766000000002  0.004670930245264802
4  0.0232174553  0.008368568710694094
5  0.04595727884999999  0.038002435641384
6  0.07154680035000001  0.03771301337881708
7  0.26763352635000004  0.058887838427499783
8  0.9962783722000002  0.07739663707622212
Total= 1.4560217653000003
Varianza= 0.04168781391001

Numero de qubits: 59 
Layer   Time var(Time)
1  0.014759350550000005  0.0006292677064427725
2  0.0183462896  0.0018898137073841278
3  0.017485226250000006  0.004125813595160497
4  0.01852237925  0.0008566441035375701
5  0.028394098399999994  0.00016510016638949837
6  0.07360414345  0.004452040390092732
7  0.24509366950000003  0.0008383577204646881
8  1.0748707012999996  0.017331771908960673
Total= 1.4910758583
Varianza= 0.01873948376396123

Numero de qubits: 60 
Layer   Time var(Time)
1  0.01725999695  0.006039864491907013
2  0.0191269276  0.01007442104485225
3  0.0255509222  0.029619048789189504
4  0.03629387005  0.03933762263783762
5  0.03239506515  0.006915918012017446
6  0.06074615524999999  0.005714754372163302
7  0.27594307815  0.052191778206776396
8  1.0788855839499998  0.05587020748820723
Total= 1.5462015992999998
Varianza= 0.07517098843078221

