Numero de qubits: 20 
Layer   Time var(Time)
1  0.058432797450000004  0.15981018532536376
2  0.005270253949999998  0.0007607769734566415
3  0.00551639655  0.000784418533555109
4  0.006146341749999999  0.0008315476468471229
5  0.009188664049999998  0.0034663253355150096
6  0.014610040949999997  0.0015406466806569404
7  0.05512402770000001  0.005667328242370403
8  0.14021193559999998  0.0030601936687730483
9  0.5783083528500002  0.008675755736624366
10  1.4074640022499998  0.044407924916236984
11  3.2263618841500006  0.1392051983660578
12  2.2708721641999996  0.038394991713192106
13  3.0515398261499995  0.2431068557358944
14  2.2398310850500005  0.06293332404513723
15  3.19047434125  0.18691970200025593
16  2.2488871093  0.054684903711885426
17  3.0533066355500003  0.23754951930688653
18  2.2313520540000003  0.059689272550816304
19  3.2070277921  0.16109742640807415
20  2.2587098716  0.03600588471715314
21  3.0844716501  0.23373967202415885
Total= 32.34310722655
Varianza= 0.6917043776432958

Numero de qubits: 21 
Layer   Time var(Time)
1  0.0053936933  0.00045065012763729464
2  0.006022214550000001  0.0020300702188954323
3  0.00545953155  0.0008825330490630068
4  0.005755362699999999  0.0006349983261864634
5  0.007954087249999998  0.00041992844040691907
6  0.01451660595  0.0003993185064183072
7  0.05532688605  0.004316099538717377
8  0.14512508325  0.0024096698905421653
9  0.6017206582  0.012798275481221694
10  1.5508312624000002  0.015930814155058943
11  3.789160758949999  0.06481142053552583
12  5.086552770749998  0.072108686878188
13  4.862850046900001  0.07171109336606803
14  5.032849787850002  0.10976677617777471
15  4.854415293299999  0.08579290763604684
16  5.0292172046  0.12386642369899308
17  4.876906100899999  0.09129163179464639
18  5.0006578697  0.05461182761773902
19  4.913869543050001  0.056596622272971166
20  5.031613594  0.10622110670647655
21  4.913305869499999  0.06315549802965825
Total= 55.789504224700025
Varianza= 0.38096992227621007

