Numero de qubits: 15 
Layer   Time var(Time)
1  0.043748657900000015  0.12969970057115918
2  0.00381452445  0.0020637750174447187
3  0.00365700585  0.0007015645383228313
4  0.0035535959499999998  8.472578844276102e-5
5  0.0051920722999999995  0.0008820641253474773
6  0.009479430949999998  0.0020446661768048465
7  0.0237815438  0.0021302662674696463
8  0.06278739934999998  0.04801325932954912
9  0.05947295195  0.004443209172868385
10  0.057962843  0.009065201734974325
11  0.06417714464999999  0.03695347061799341
12  0.0713872319  0.042572301122316615
13  0.056664320099999985  0.005591441176836647
14  0.07010751095  0.04744149949992361
15  0.05714581435000001  0.004376710405787951
Total= 0.5929320474499999
Varianza= 0.13853453325405052

Numero de qubits: 16 
Layer   Time var(Time)
1  0.0035891082499999996  8.391188933212918e-5
2  0.0035222048499999998  0.00042793412480547464
3  0.010744811100000001  0.03029152244619186
4  0.004645526400000001  0.0019205610195969405
5  0.005910924350000001  0.0017870211940593283
6  0.010077689649999999  0.0006506068927937418
7  0.030705471699999997  0.0021013756466879995
8  0.0700324673  0.007395785079593416
9  0.1500062531  0.04923196490269104
10  0.12541111320000004  0.05631886285164091
11  0.1602347612  0.06220255168344765
12  0.123138726  0.06350744736689444
13  0.15864647355  0.06154430583728528
14  0.10808211774999998  0.03591968010361755
15  0.13123588225  0.012887469658449344
Total= 1.0959835306500005
Varianza= 0.06300758059173973

Numero de qubits: 17 
Layer   Time var(Time)
1  0.0039281931  0.0003109464773836327
2  0.00367372915  0.00043378091177935377
3  0.005471502150000001  0.005471174272826075
4  0.004310770550000001  0.00030128902984799744
5  0.0060311987  0.0007777516912261973
6  0.02013905435  0.0315272820637431
7  0.039106015200000004  0.03093759538567503
8  0.08521442885  0.03372296957345988
9  0.19189673525  0.06471580019482982
10  0.22166865929999996  0.0655866325703496
11  0.25795769385  0.08437694412024326
12  0.22117554790000002  0.062164913586151796
13  0.21858087999999992  0.06297826571488503
14  0.21482348634999998  0.059847449554158154
15  0.23138785315  0.07165607677461013
Total= 1.7253657478499995
Varianza= 0.12573522779940113

Numero de qubits: 18 
Layer   Time var(Time)
1  0.004339268299999999  0.00024609065395136417
2  0.004107006  0.0005926435192622965
3  0.00408457535  0.0003155021685065374
4  0.005019734499999999  0.0011310960464886038
5  0.00754063235  0.0017213233738013981
6  0.013917237650000002  0.005423216480528472
7  0.0472389684  0.030142956083605607
8  0.10103433899999999  0.009582815276204302
9  0.37576807905  0.06697715664854288
10  0.6003782975999998  0.052324866380755106
11  0.41679435629999995  0.08256305328789633
12  0.6021226751000001  0.04932287033136364
13  0.4267733614  0.07590287376289276
14  0.6044786106  0.03075658731435515
15  0.49187006354999996  0.058190334931539626
Total= 3.7054672051499984
Varianza= 0.11185223657624556

Numero de qubits: 19 
Layer   Time var(Time)
1  0.00453675385  0.00018463564383571092
2  0.004246955700000001  0.00048788533216874837
3  0.004563549450000001  0.0006965355170650292
4  0.005442398199999999  0.0009970967941306701
5  0.007338868900000001  0.000922853236110591
6  0.015356957800000001  0.005932284666777671
7  0.058166450999999994  0.0456485611869244
8  0.16394397325  0.07220238735176274
9  0.3458257291  0.06831236283341824
10  0.75084768695  0.049521421880331325
11  0.89401059565  0.06733387757557728
12  0.8620845889999998  0.05369247506651964
13  0.8951903340499999  0.06733970724043292
14  0.8555952487  0.05458869376320921
15  0.8724043639500001  0.056971511437513334
Total= 5.739554455549998
Varianza= 0.1471156306123104

Numero de qubits: 20 
Layer   Time var(Time)
1  0.005112168049999999  0.0008442368447045817
2  0.0330007286  0.0566376521895877
3  0.012333161899999999  0.03190651682534496
4  0.012969672349999998  0.03222466943775329
5  0.007851864500000002  0.0007632491654961373
6  0.015074006750000002  0.0012684988304934252
7  0.04965031625  0.0029615822873432685
8  0.13995570945  0.016175753954030873
9  0.5325186684500001  0.04299913339228292
10  1.2177094964000001  0.0711134225160463
11  2.53650494865  0.07716281815429779
12  1.8459980958  0.050202107645647545
13  2.4867005148  0.10820608138791378
14  1.8329584867000002  0.06486196515817096
15  2.4440248065000003  0.12716671755308595
Total= 13.172362645149999
Varianza= 0.33298274164529734

