Numero de qubits: 20 
Layer   D  var(D)  Renyi  var(Renyi)
1  2.0  0.0  1.3166082930679372e-14  2.7142305919321777e-15
2  4.0  0.0  1.814700672788759  0.00205432892128198
3  8.0  0.0  1.8147006727887647  0.002054328921280358
4  16.0  0.0  3.650390419797251  0.005250610536948387
5  32.0  0.0  3.650390419797257  0.005250610536947787
6  64.0  0.0  5.502300651259852  0.006422514211158024
7  128.0  0.0  5.502300651259856  0.006422514211159206
Numero de qubits: 21 
Layer   D  var(D)  Renyi  var(Renyi)
1  2.0  0.0  1.4575590592357952e-14  3.3954809856578614e-15
2  4.0  0.0  1.8154022746648621  0.0030858333319262366
3  8.0  0.0  1.8154022746648664  0.003085833331924547
4  16.0  0.0  3.6521485399021016  0.004332127162930055
5  32.0  0.0  3.6521485399021048  0.004332127162930353
6  64.0  0.0  5.505337999303334  0.004825484623347523
7  128.0  0.0  5.5053379993033404  0.004825484623348748
Numero de qubits: 22 
Layer   D  var(D)  Renyi  var(Renyi)
1  2.0  0.0  0.9064569982200459  3.2488016856718503e-15
2  4.0  0.0  0.9064569982200483  9.48643185033224e-15
3  8.0  0.0  2.7292188105827946  0.0033996632087552043
4  16.0  0.0  2.729218810582801  0.0033996632087561762
5  32.0  0.0  4.573705551146313  0.004085049488097441
6  64.0  0.0  4.573705551146321  0.00408504948809698
7  128.0  0.0  6.435375672297437  0.004083988532778347
Numero de qubits: 23 
Layer   D  var(D)  Renyi  var(Renyi)
1  2.0  0.0  0.9064569982200466  3.2883036781549994e-15
2  4.0  0.0  0.9064569982200513  7.067378407140538e-15
3  8.0  0.0  2.7319098609968626  0.004483538457145034
4  16.0  0.0  2.731909860996865  0.004483538457145368
5  32.0  0.0  4.5774179852821995  0.0056962525094274834
6  64.0  0.0  4.577417985282204  0.005696252509428242
7  128.0  0.0  6.435383849725605  0.006264303514353953
Numero de qubits: 24 
Layer   D  var(D)  Renyi  var(Renyi)
1  2.0  0.0  1.668985208487582e-14  3.523623540892222e-15
2  4.0  0.0  1.814143418590115  0.00198141452111793
3  8.0  0.0  1.814143418590121  0.0019814145211171086
4  16.0  0.0  3.6483810117187097  0.004772624854349017
5  32.0  0.0  3.6483810117187154  0.004772624854349342
6  64.0  0.0  5.500830786845201  0.005367321238957012
7  128.0  0.0  5.500830786845206  0.005367321238957333
Numero de qubits: 25 
Layer   D  var(D)  Renyi  var(Renyi)
1  2.0  0.0  1.6529680759685072e-14  3.4179224757603452e-15
2  4.0  0.0  1.8149239849468106  0.002940516305237351
3  8.0  0.0  1.8149239849468182  0.0029405163052406915
4  16.0  0.0  3.6507391531785105  0.005347360459571682
5  32.0  0.0  3.6507391531785167  0.005347360459569663
6  64.0  0.0  5.5045928335455265  0.005884447733188322
7  128.0  0.0  5.504592833545532  0.005884447733186648
Numero de qubits: 26 
Layer   D  var(D)  Renyi  var(Renyi)
1  2.0  0.0  0.9064569982200499  2.950249269717035e-15
2  4.0  0.0  0.9064569982200549  7.205082271519501e-15
3  8.0  0.0  2.7296660403526984  0.0035084911878048757
4  16.0  0.0  2.7296660403527016  0.003508491187803113
5  32.0  0.0  4.5743356576788425  0.00580356988831792
6  64.0  0.0  4.574335657678848  0.005803569888316874
7  128.0  0.0  6.43383259610665  0.0053416612889922764
Numero de qubits: 27 
Layer   D  var(D)  Renyi  var(Renyi)
1  2.0  0.0  0.9064569982200494  4.481919610429712e-15
2  4.0  0.0  0.9064569982200522  9.3946453072929e-15
3  8.0  0.0  2.7296725927087486  0.003999619626721351
4  16.0  0.0  2.7296725927087557  0.003999619626721096
5  32.0  0.0  4.574460410200471  0.0053238078693665395
6  64.0  0.0  4.5744604102004764  0.005323807869364691
7  128.0  0.0  6.4348926061613465  0.00568442404545753
Numero de qubits: 28 
Layer   D  var(D)  Renyi  var(Renyi)
1  2.0  0.0  1.8996319167622594e-14  4.490628127226497e-15
2  4.0  0.0  1.8147473021151246  0.0029296768348758607
3  8.0  0.0  1.8147473021151306  0.002929676834872494
4  16.0  0.0  3.6501932837925373  0.0038068798553818205
5  32.0  0.0  3.650193283792544  0.003806879855382165
6  64.0  0.0  5.503407297624259  0.005658744854133591
7  128.0  0.0  5.503407297624263  0.005658744854132694
Numero de qubits: 29 
Layer   D  var(D)  Renyi  var(Renyi)
1  2.0  0.0  1.9765141528538184e-14  3.4099568561891586e-15
2  4.0  0.0  1.8152031001628526  0.003137621571802026
3  8.0  0.0  1.8152031001628572  0.003137621571804487
4  16.0  0.0  3.6498688651626017  0.0036696589843812554
5  32.0  0.0  3.6498688651626074  0.0036696589843807663
6  64.0  0.0  5.503137040848644  0.006909331525426064
7  128.0  0.0  5.503137040848649  0.006909331525425304
Numero de qubits: 30 
Layer   D  var(D)  Renyi  var(Renyi)
1  2.0  0.0  0.9064569982200534  3.1536001782129237e-15
2  4.0  0.0  0.9064569982200572  8.93091445983169e-15
3  8.0  0.0  2.7309187284290593  0.0041458474397516615
4  16.0  0.0  2.730918728429067  0.004145847439752833
5  32.0  0.0  4.575976188717695  0.004137065106530638
6  64.0  0.0  4.575976188717701  0.004137065106530928
7  128.0  0.0  6.436674871369652  0.004346955966048248
Numero de qubits: 31 
Layer   D  var(D)  Renyi  var(Renyi)
1  2.0  0.0  0.9064569982200525  3.1507652172354368e-15
2  4.0  0.0  0.906456998220057  7.034206969148943e-15
3  8.0  0.0  2.728657414820354  0.0029681032240667705
4  16.0  0.0  2.728657414820362  0.0029681032240662123
5  32.0  0.0  4.572386558117713  0.00489347640307677
6  64.0  0.0  4.572386558117722  0.0048934764030783545
7  128.0  0.0  6.432795798461006  0.0068595323933292865
Numero de qubits: 32 
Layer   D  var(D)  Renyi  var(Renyi)
1  2.0  0.0  2.037379256426302e-14  3.722596623294115e-15
2  4.0  0.0  1.8159242213392754  0.003049392951593823
3  8.0  0.0  1.8159242213392819  0.0030493929515959814
4  16.0  0.0  3.6496373150549095  0.004566771410417874
5  32.0  0.0  3.649637315054916  0.0045667714104172695
6  64.0  0.0  5.503056633563416  0.00508735453305335
7  128.0  0.0  5.503056633563424  0.005087354533053327
Numero de qubits: 33 
Layer   D  var(D)  Renyi  var(Renyi)
1  2.0  0.0  2.175126596090346e-14  4.023967852801081e-15
2  4.0  0.0  1.8148084920163026  0.0026999664993188847
3  8.0  0.0  1.8148084920163108  0.0026999664993181266
4  16.0  0.0  3.65103277571603  0.006429973683730217
5  32.0  0.0  3.651032775716039  0.006429973683729737
6  64.0  0.0  5.503541221037926  0.005441814365355933
7  128.0  0.0  5.503541221037937  0.005441814365356226
Numero de qubits: 34 
Layer   D  var(D)  Renyi  var(Renyi)
1  2.0  0.0  0.9064569982200528  4.073323398417294e-15
2  4.0  0.0  0.9064569982200539  8.089900441104352e-15
3  8.0  0.0  2.7304761341826316  0.004226196442520253
4  16.0  0.0  2.730476134182639  0.004226196442519684
5  32.0  0.0  4.576062715939253  0.004995706596569767
6  64.0  0.0  4.576062715939262  0.004995706596570464
7  128.0  0.0  6.435769030837973  0.0035803265974945152
Numero de qubits: 35 
Layer   D  var(D)  Renyi  var(Renyi)
1  2.0  0.0  0.9064569982200543  4.526797389797801e-15
2  4.0  0.0  0.9064569982200567  1.0151743593773483e-14
3  8.0  0.0  2.7305378217891034  0.004347978471018036
4  16.0  0.0  2.7305378217891114  0.004347978471019192
5  32.0  0.0  4.574454527875423  0.007106631710483686
6  64.0  0.0  4.5744545278754325  0.0071066317104849
7  128.0  0.0  6.4325060488519314  0.007027118661192019
Numero de qubits: 36 
Layer   D  var(D)  Renyi  var(Renyi)
1  2.0  0.0  2.2423985526704604e-14  4.2498255026536996e-15
2  4.0  0.0  1.8148455727965966  0.0025616567112208186
3  8.0  0.0  1.814845572796607  0.002561656711222678
4  16.0  0.0  3.651277448184757  0.004214369311030795
5  32.0  0.0  3.651277448184767  0.004214369311032467
6  64.0  0.0  5.503745455400774  0.00722287191963251
7  128.0  0.0  5.503745455400782  0.007222871919631242
Numero de qubits: 37 
Layer   D  var(D)  Renyi  var(Renyi)
1  2.0  0.0  2.4826555404565834e-14  3.6685877528892444e-15
2  4.0  0.0  1.815516552327122  0.0026889703862103
3  8.0  0.0  1.8155165523271304  0.002688970386208866
4  16.0  0.0  3.6513854658465084  0.004660299475020844
5  32.0  0.0  3.6513854658465164  0.004660299475019143
6  64.0  0.0  5.504674089511498  0.005392294336672886
7  128.0  0.0  5.504674089511505  0.005392294336672763
Numero de qubits: 38 
Layer   D  var(D)  Renyi  var(Renyi)
1  2.0  0.0  0.906456998220057  5.403262816499294e-15
2  4.0  0.0  0.9064569982200629  1.0215680828261904e-14
3  8.0  0.0  2.729194786794964  0.004736720422664908
4  16.0  0.0  2.7291947867949746  0.004736720422663652
5  32.0  0.0  4.575062012503166  0.0033940236360942393
6  64.0  0.0  4.575062012503173  0.003394023636093831
7  128.0  0.0  6.432554880424874  0.005213322753156359
Numero de qubits: 39 
Layer   D  var(D)  Renyi  var(Renyi)
1  2.0  0.0  0.9064569982200575  3.805328893993684e-15
2  4.0  0.0  0.9064569982200611  1.1834321288756317e-14
3  8.0  0.0  2.7296609541038985  0.00481827556450448
4  16.0  0.0  2.729660954103907  0.0048182755645065824
5  32.0  0.0  4.574082701906704  0.005938964642430105
6  64.0  0.0  4.574082701906712  0.005938964642429777
7  128.0  0.0  6.433987554467288  0.005188021175978655
Numero de qubits: 40 
Layer   D  var(D)  Renyi  var(Renyi)
1  2.0  0.0  2.6844714101969267e-14  4.937435357299567e-15
2  4.0  0.0  1.814215277614028  0.0024484326438903785
3  8.0  0.0  1.8142152776140388  0.0024484326438920716
4  16.0  0.0  3.6512743696953414  0.003567140593864229
5  32.0  0.0  3.65127436969535  0.003567140593863563
6  64.0  0.0  5.503492895732464  0.004320214253495102
7  128.0  0.0  5.503492895732472  0.004320214253494074
Numero de qubits: 41 
Layer   D  var(D)  Renyi  var(Renyi)
1  2.0  0.0  2.7068953957236312e-14  4.215275966540447e-15
2  4.0  0.0  1.8171542984932483  0.0033767366444493775
3  8.0  0.0  1.8171542984932572  0.0033767366444498546
4  16.0  0.0  3.650288304755559  0.0038345825220109492
5  32.0  0.0  3.6502883047555663  0.0038345825220115117
6  64.0  0.0  5.500851700420271  0.005314230219734719
7  128.0  0.0  5.500851700420281  0.005314230219734169
Numero de qubits: 42 
Layer   D  var(D)  Renyi  var(Renyi)
1  2.0  0.0  0.9064569982200602  4.9309402970537855e-15
2  4.0  0.0  0.9064569982200641  1.1770956041609453e-14
3  8.0  0.0  2.730840560020572  0.003629106613107206
4  16.0  0.0  2.7308405600205794  0.00362910661310724
5  32.0  0.0  4.573529971039963  0.004685243788868461
6  64.0  0.0  4.573529971039973  0.004685243788868823
7  128.0  0.0  6.431704645116719  0.005254880122785331
Numero de qubits: 43 
Layer   D  var(D)  Renyi  var(Renyi)
1  2.0  0.0  0.9064569982200599  4.02844237076733e-15
2  4.0  0.0  0.9064569982200649  9.89721950918906e-15
3  8.0  0.0  2.7292191042093235  0.0031218529257330805
4  16.0  0.0  2.7292191042093346  0.003121852925732922
5  32.0  0.0  4.572972156530464  0.0046922357479992054
6  64.0  0.0  4.572972156530473  0.0046922357479991985
7  128.0  0.0  6.431573445963191  0.00626426279190236
Numero de qubits: 44 
Layer   D  var(D)  Renyi  var(Renyi)
1  2.0  0.0  3.008017487082241e-14  6.35369586438695e-15
2  4.0  0.0  1.8148131148802726  0.0026210813023182875
3  8.0  0.0  1.814813114880285  0.0026210813023186353
4  16.0  0.0  3.649301299505759  0.005320887937476567
5  32.0  0.0  3.649301299505768  0.005320887937475647
6  64.0  0.0  5.5014345058040615  0.004725531385533774
7  128.0  0.0  5.501434505804072  0.0047255313855328746
Numero de qubits: 45 
Layer   D  var(D)  Renyi  var(Renyi)
1  2.0  0.0  2.927931824486866e-14  4.5398329306437576e-15
2  4.0  0.0  1.815680805411501  0.002960711287234415
3  8.0  0.0  1.8156808054115132  0.0029607112872365457
4  16.0  0.0  3.652583688022239  0.004698239329754679
5  32.0  0.0  3.652583688022248  0.004698239329755786
6  64.0  0.0  5.504963333371377  0.004066108256041597
7  128.0  0.0  5.504963333371384  0.004066108256042209
Numero de qubits: 46 
Layer   D  var(D)  Renyi  var(Renyi)
1  2.0  0.0  0.906456998220062  3.5477662720859395e-15
2  4.0  0.0  0.9064569982200696  1.1982181969500553e-14
3  8.0  0.0  2.7295328815399063  0.0032852047221608805
4  16.0  0.0  2.7295328815399174  0.0032852047221604134
5  32.0  0.0  4.573534085174833  0.005021907821766505
6  64.0  0.0  4.573534085174844  0.005021907821765179
7  128.0  0.0  6.434328951142386  0.007366317108139397
Numero de qubits: 47 
Layer   D  var(D)  Renyi  var(Renyi)
1  2.0  0.0  0.9064569982200641  5.750912401644709e-15
2  4.0  0.0  0.9064569982200712  9.111238556051817e-15
3  8.0  0.0  2.7302696081904676  0.004091225717627328
4  16.0  0.0  2.7302696081904796  0.004091225717629031
5  32.0  0.0  4.575559970299836  0.005564821628665868
6  64.0  0.0  4.575559970299846  0.005564821628664403
7  128.0  0.0  6.4346612898236355  0.005942488984865115
Numero de qubits: 48 
Layer   D  var(D)  Renyi  var(Renyi)
1  2.0  0.0  3.148968253250099e-14  4.1137534570741256e-15
2  4.0  0.0  1.8159420746995607  0.0030713704079694034
3  8.0  0.0  1.8159420746995731  0.0030713704079660116
4  16.0  0.0  3.652169045861138  0.005402155234763865
5  32.0  0.0  3.652169045861151  0.005402155234765182
6  64.0  0.0  5.504553829482051  0.005569111869983306
7  128.0  0.0  5.50455382948206  0.005569111869983706
Numero de qubits: 49 
Layer   D  var(D)  Renyi  var(Renyi)
1  2.0  0.0  3.203426503814954e-14  4.950304635115121e-15
2  4.0  0.0  1.8149780124474866  0.0023362348240692017
3  8.0  0.0  1.8149780124475003  0.0023362348240651767
4  16.0  0.0  3.650470575715559  0.003051512367556283
5  32.0  0.0  3.6504705757155675  0.0030515123675559077
6  64.0  0.0  5.501232235450969  0.004113799283507509
7  128.0  0.0  5.5012322354509795  0.004113799283508163
Numero de qubits: 50 
Layer   D  var(D)  Renyi  var(Renyi)
1  2.0  0.0  0.9064569982200652  4.6806138969353995e-15
2  4.0  0.0  0.9064569982200743  1.0760403893859117e-14
3  8.0  0.0  2.7297215113670625  0.00421825063978788
4  16.0  0.0  2.729721511367077  0.004218250639788788
5  32.0  0.0  4.575346400971439  0.0057228046117458855
6  64.0  0.0  4.5753464009714495  0.005722804611745339
7  128.0  0.0  6.434984187730872  0.007575013423040333
Numero de qubits: 51 
Layer   D  var(D)  Renyi  var(Renyi)
1  2.0  0.0  0.9064569982200652  5.822058658345461e-15
2  4.0  0.0  0.906456998220073  1.0659095091612535e-14
3  8.0  0.0  2.7291228672419363  0.0046012995255611715
4  16.0  0.0  2.72912286724195  0.004601299525558331
5  32.0  0.0  4.573934047245668  0.005093282450051394
6  64.0  0.0  4.573934047245678  0.005093282450050253
7  128.0  0.0  6.436333361185328  0.006960381931442605
Numero de qubits: 52 
Layer   D  var(D)  Renyi  var(Renyi)
1  2.0  0.0  3.5237691541964534e-14  3.572933676754779e-15
2  4.0  0.0  1.8150518611786874  0.002848302237215369
3  8.0  0.0  1.8150518611787008  0.0028483022372149005
4  16.0  0.0  3.6498926918946673  0.005707739611973546
5  32.0  0.0  3.6498926918946792  0.005707739611972293
6  64.0  0.0  5.502506259347326  0.0073488400542981135
7  128.0  0.0  5.502506259347335  0.00734884005429918
Numero de qubits: 53 
Layer   D  var(D)  Renyi  var(Renyi)
1  2.0  0.0  3.475717756639229e-14  5.614227721036547e-15
2  4.0  0.0  1.8166867840409426  0.0032710054335656
3  8.0  0.0  1.8166867840409497  0.0032710054335654674
4  16.0  0.0  3.6514781485113206  0.003755143559275497
5  32.0  0.0  3.6514781485113317  0.0037551435592760233
6  64.0  0.0  5.502617381387406  0.005910487154346097
7  128.0  0.0  5.5026173813874175  0.0059104871543463715
Numero de qubits: 54 
Layer   D  var(D)  Renyi  var(Renyi)
1  2.0  0.0  0.9064569982200673  5.5107225808507124e-15
2  4.0  0.0  0.9064569982200812  1.216160517594349e-14
3  8.0  0.0  2.7301526033627357  0.004721388622519426
4  16.0  0.0  2.7301526033627486  0.004721388622520218
5  32.0  0.0  4.575552154849425  0.005805919639852748
6  64.0  0.0  4.575552154849436  0.005805919639852947
7  128.0  0.0  6.43371947724336  0.006321800117898881
Numero de qubits: 55 
Layer   D  var(D)  Renyi  var(Renyi)
1  2.0  0.0  0.9064569982200693  3.969260811720603e-15
2  4.0  0.0  0.9064569982200787  1.0738588803884858e-14
3  8.0  0.0  2.729582268944241  0.004684675062453941
4  16.0  0.0  2.7295822689442515  0.004684675062455634
5  32.0  0.0  4.5757677509011225  0.0053625720116436265
6  64.0  0.0  4.575767750901135  0.00536257201164383
7  128.0  0.0  6.434885310527365  0.0065284489004862134
Numero de qubits: 56 
Layer   D  var(D)  Renyi  var(Renyi)
1  2.0  0.0  3.6134650963032724e-14  5.119071543800045e-15
2  4.0  0.0  1.8148927402495851  0.0027243884526449145
3  8.0  0.0  1.8148927402495958  0.002724388452645646
4  16.0  0.0  3.6502638264103537  0.004606756579502084
5  32.0  0.0  3.6502638264103666  0.0046067565795018806
6  64.0  0.0  5.50371525798138  0.005582965726900408
7  128.0  0.0  5.503715257981391  0.005582965726900468
Numero de qubits: 57 
Layer   D  var(D)  Renyi  var(Renyi)
1  2.0  0.0  3.632685655326163e-14  5.17767279990013e-15
2  4.0  0.0  1.8150866925786378  0.002431199663246105
3  8.0  0.0  1.8150866925786495  0.0024311996632464714
4  16.0  0.0  3.6510971981250577  0.004387966965576322
5  32.0  0.0  3.651097198125071  0.004387966965577341
6  64.0  0.0  5.504389967022743  0.0033565583444087805
7  128.0  0.0  5.504389967022758  0.003356558344407122
Numero de qubits: 58 
Layer   D  var(D)  Renyi  var(Renyi)
1  2.0  0.0  0.9064569982200716  5.277823236946513e-15
2  4.0  0.0  0.9064569982200872  1.0453414533434979e-14
3  8.0  0.0  2.7301819127137197  0.0037549539137753255
4  16.0  0.0  2.7301819127137317  0.0037549539137759426
5  32.0  0.0  4.573504080820144  0.006199311868128761
6  64.0  0.0  4.573504080820156  0.006199311868128038
7  128.0  0.0  6.434487511242864  0.005114621874253011
Numero de qubits: 59 
Layer   D  var(D)  Renyi  var(Renyi)
1  2.0  0.0  0.9064569982200716  4.894434290116294e-15
2  4.0  0.0  0.9064569982200821  1.0641561531900422e-14
3  8.0  0.0  2.7295846505052137  0.004403087240437893
4  16.0  0.0  2.72958465050523  0.004403087240438707
5  32.0  0.0  4.576742003128913  0.005469900646072258
6  64.0  0.0  4.576742003128925  0.005469900646072644
7  128.0  0.0  6.436084788124527  0.007155083981560045
Numero de qubits: 60 
Layer   D  var(D)  Renyi  var(Renyi)
1  2.0  0.0  3.89216320213518e-14  6.3226096343756076e-15
2  4.0  0.0  1.815833259254433  0.0029622316816996807
3  8.0  0.0  1.8158332592544486  0.0029622316817029776
4  16.0  0.0  3.651447823341318  0.0064329824530428015
5  32.0  0.0  3.651447823341333  0.006432982453043273
6  64.0  0.0  5.5042816498657245  0.006675364569895657
7  128.0  0.0  5.504281649865739  0.006675364569895134
