Numero de qubits: 20 
Layer   Time var(Time)
1  0.061322649400000005  0.17027838443111862
2  0.004324678199999999  0.0006424452553430993
3  0.0042688506000000005  0.000290044549323272
4  0.0056824291499999995  0.002321251887428662
5  0.008478745850000002  0.005472821972250388
6  0.022303083349999996  0.030693073415452864
7  0.05618237955000001  0.029456775551921794
8  0.1537294649  0.057343754279499906
9  0.5313059995  0.050432563525422885
Total= 0.8475982805000001
Varianza= 0.19976863645789927

Numero de qubits: 21 
Layer   Time var(Time)
1  0.004725806850000001  0.0001841207328679404
2  0.00449789235  0.0003977603537335357
3  0.00475501885  0.0004846117575724174
4  0.0055361994  0.0006162685514606762
5  0.007721364850000001  0.0009415991827124891
6  0.018412357199999996  0.008052683949627189
7  0.07777014334999999  0.05364099845828422
8  0.14366740525  0.03224885729385668
9  0.5405426825000001  0.06159570606577538
Total= 0.8076288706000001
Varianza= 0.08818909300621014

Numero de qubits: 22 
Layer   Time var(Time)
1  0.0051752042  0.0005374710090794292
2  0.004640712200000001  0.0003038405050534902
3  0.020462989450000003  0.04252476336016399
4  0.005645241949999999  0.000333780438045802
5  0.0086913209  0.0013476372174922263
6  0.016374482300000003  0.0014958386851283167
7  0.08284534205000002  0.055477303331421556
8  0.17332492724999998  0.03371872954662081
9  0.64296854605  0.05575102647353251
Total= 0.9601287663500001
Varianza= 0.10435912797059071

Numero de qubits: 23 
Layer   Time var(Time)
1  0.005429194449999999  0.00048810354145554765
2  0.0054052039  0.0008905511671828801
3  0.0053707979  0.0006130092736008892
4  0.013316387049999998  0.030978982483371307
5  0.016483253349999998  0.015598360575420137
6  0.0381731067  0.04957072010430402
7  0.06233756684999999  0.00942760339062383
8  0.1817949139  0.043779260335829524
9  0.6977519167999999  0.014007340475217442
Total= 1.0260623408999998
Varianza= 0.09019846589899351

Numero de qubits: 24 
Layer   Time var(Time)
1  0.02715048035  0.04088988215621213
2  0.013136732700000004  0.03059859895372771
3  0.019519098550000002  0.04243350246692178
4  0.07023681494999999  0.0708251345878616
5  0.015878900199999997  0.031118424137967723
6  0.01853342145  0.002469302212536519
7  0.0755953374  0.007513055213150004
8  0.20709346395  0.010460954654677546
9  0.7953980265499999  0.01572126545745605
Total= 1.2425422760999998
Varianza= 0.09004263265643671

Numero de qubits: 25 
Layer   Time var(Time)
1  0.0056383462500000005  0.00016428039542863137
2  0.005349358099999999  0.0003002836193432636
3  0.0056631241500000006  0.0003089088208218204
4  0.007176337900000001  0.0010723508212140233
5  0.009648327650000002  0.0009872524748098265
6  0.0189321279  0.001972064266173745
7  0.0716867091  0.008613380070424257
8  0.1953924496  0.007303489022029715
9  0.8266903369499998  0.0454314128676815
Total= 1.1461771176
Varianza= 0.053333875717473535

Numero de qubits: 26 
Layer   Time var(Time)
1  0.0059315027  0.00017377462677189092
2  0.005858709800000002  0.0005511249249911131
3  0.0059962433499999995  0.0004318041912111641
4  0.0072323592999999995  0.0008684624471050604
5  0.010617542150000001  0.0007666780597929143
6  0.025255964700000005  0.007827391609947595
7  0.12723507045  0.06776711488723229
8  0.23610372305000005  0.04944825529899183
9  0.9357204065000001  0.06107065411680074
Total= 1.359951522
Varianza= 0.08072362399793519

Numero de qubits: 27 
Layer   Time var(Time)
1  0.006292779849999999  0.00036399258248833523
2  0.0061654039  0.0010001487568255486
3  0.00659627505  0.0010269830914981255
4  0.007406956799999999  0.0010076369692311117
5  0.010696803249999998  0.0014509139712826837
6  0.023724441199999995  0.007511185571400088
7  0.10417254125  0.05387417106005125
8  0.2586777638  0.056548389641810984
9  1.0098477001999997  0.07823825237858076
Total= 1.4335806652999996
Varianza= 0.09442928029693344

Numero de qubits: 28 
Layer   Time var(Time)
1  0.0064096824  0.00038545557001688286
2  0.006368296349999999  0.0006608713730464707
3  0.021032589850000002  0.043038048183863975
4  0.00784327565  0.0011278623142400971
5  0.013244375650000001  0.007304456433476137
6  0.02391198675  0.004614193054847574
7  0.10729645304999999  0.046466908503002405
8  0.29176910349999996  0.06759518450542384
9  1.1218943882999999  0.07782598419243142
Total= 1.5997701515
Varianza= 0.09785441901443252

Numero de qubits: 29 
Layer   Time var(Time)
1  0.007657942750000002  0.004432168613850188
2  0.00639308215  0.00045509110596486896
3  0.014124780899999998  0.031414962769445304
4  0.008295575900000001  0.0010896953143801665
5  0.021810942649999998  0.032001048035837226
6  0.0283957233  0.008859713539710734
7  0.11587222319999999  0.0482112573656981
8  0.2982144563  0.07157672194143407
9  1.17202844455  0.06608790388741635
Total= 1.6727931717000004
Varianza= 0.09505887240658642

Numero de qubits: 30 
Layer   Time var(Time)
1  0.00695166725  0.00019391140263400573
2  0.01382635395  0.031207597088017625
3  0.021716450600000003  0.04350897194642896
4  0.015798401  0.031350450221586834
5  0.0133690308  0.0029663327827156648
6  0.028002262050000004  0.0074855115417455705
7  0.11566145130000001  0.042831962738356155
8  0.30816589625  0.05563074233472089
9  1.2875577770000002  0.05936976156561302
Total= 1.8110492902000002
Varianza= 0.11248791151356559

Numero de qubits: 31 
Layer   Time var(Time)
1  0.00722504355  0.00026399795186297866
2  0.006990549399999999  0.0004888213089036114
3  0.0080200964  0.0012625198523479304
4  0.009541750849999999  0.0012496343303531347
5  0.01182660575  0.0005551239795469005
6  0.024142303200000007  0.0027900841753162333
7  0.10388655045000002  0.034173377978087414
8  0.32538010400000006  0.07000913810163255
9  1.30645152225  0.05508270291339613
Total= 1.80346452585
Varianza= 0.08974611897296712

Numero de qubits: 32 
Layer   Time var(Time)
1  0.0074033339000000005  0.0002443790502786398
2  0.01828800715  0.031892507067387256
3  0.022169993349999997  0.043470784662690644
4  0.031009456100000006  0.051295773554160685
5  0.0449859374  0.05744869135682108
6  0.0298996186  0.00699356117757573
7  0.11341585009999999  0.0102879602494173
8  0.39796647335  0.06128795268278392
9  1.48190783125  0.0755885469387889
Total= 2.1470465011999993
Varianza= 0.09210878566288579

Numero de qubits: 33 
Layer   Time var(Time)
1  0.007590239550000001  0.00014191281872631326
2  0.007458643000000001  0.0005688597900634215
3  0.007817798099999999  0.00025709418450733175
4  0.01041665205  0.0008856611294795247
5  0.016827208099999998  0.004481009211479439
6  0.02959830275  0.006803200555023113
7  0.13048557320000004  0.0529042099619487
8  0.38149078044999996  0.07682813524193269
9  1.47347134905  0.0498071752940944
Total= 2.0651565462500003
Varianza= 0.07182192371271295

Numero de qubits: 34 
Layer   Time var(Time)
1  0.0080594847  0.0003698237252485433
2  0.009831174499999998  0.00547089786519696
3  0.008469526550000002  0.0010118895850856197
4  0.01054570215  0.0016848026652657062
5  0.0225104494  0.031844651379830564
6  0.03857311125  0.013886119417752687
7  0.20667423975000002  0.06325468363247451
8  0.36168786215  0.058021621177696145
9  1.6816432144  0.07970498500385442
Total= 2.3479947648499997
Varianza= 0.11314641319416803

Numero de qubits: 35 
Layer   Time var(Time)
1  0.0082369147  0.00030195185096470247
2  0.009619342399999998  0.0009567306010810672
3  0.009922852900000001  0.0014075881978360683
4  0.0135151412  0.008568019236362072
5  0.022101696799999994  0.012800844385870135
6  0.11528474465  0.056912680156686615
7  0.14317095095  0.05955379377809697
8  0.3460996006  0.012864925386943891
9  1.6650668088500002  0.06626730821331565
Total= 2.33301805305
Varianza= 0.09330736671183505

Numero de qubits: 36 
Layer   Time var(Time)
1  0.015613769499999996  0.03121751277867593
2  0.008311017950000001  0.0005924285965169534
3  0.008809422449999998  0.0005937780629141225
4  0.012171034850000002  0.0008407805835483048
5  0.016714057899999996  0.003043986962571931
6  0.041209828250000004  0.011012497033242405
7  0.12765684724999998  0.013012294609593305
8  0.50459382445  0.05358406508569384
9  1.6611417520999996  0.050722204855856816
Total= 2.3962215546999994
Varianza= 0.0511956212778663

Numero de qubits: 37 
Layer   Time var(Time)
1  0.0089249419  0.00070356872126594
2  0.008866822399999998  0.0009164257502583829
3  0.016456393350000004  0.031681712466279516
4  0.012049975650000001  0.0009852794646298217
5  0.0201152873  0.009372274618435974
6  0.048914653749999995  0.04149263449462649
7  0.13685305435  0.014315268518824975
8  0.4987711516000001  0.06630280916353937
9  1.7198530764500002  0.0678954234939148
Total= 2.4708053567499997
Varianza= 0.09237897639588936

Numero de qubits: 38 
Layer   Time var(Time)
1  0.00918770675  0.0004892726837354478
2  0.008994141100000002  0.0006563226550705756
3  0.011485493649999998  0.008214808367252812
4  0.0140832832  0.0028024734103023986
5  0.026019609850000004  0.03219751807233734
6  0.03709505545  0.007911485688621938
7  0.1427038062  0.011653736773945413
8  0.5240664903  0.05606840746572131
9  1.8617784056000002  0.08209711435305203
Total= 2.6354139920999997
Varianza= 0.10407101258409347

Numero de qubits: 39 
Layer   Time var(Time)
1  0.0094170412  0.0003939457105347893
2  0.00937735575  0.0008821940200875246
3  0.01013106125  0.0008811075488739654
4  0.01430070645  0.0030571933479331737
5  0.017011173100000002  0.0013712003090013837
6  0.04553374345  0.011645996082954973
7  0.13809526625000001  0.008478520281737385
8  0.5063728169999999  0.08901894973200089
9  1.9558171381999994  0.05529125260948071
Total= 2.7060563026500004
Varianza= 0.09249513104651295

Numero de qubits: 40 
Layer   Time var(Time)
1  0.009646936200000001  0.0006063372153527769
2  0.016885511199999998  0.03193192669820895
3  0.010493515800000002  0.0007605645470567636
4  0.01448831285  0.003199617516808568
5  0.020816220099999998  0.006084838567370846
6  0.050477295449999994  0.030935857070290958
7  0.17137918075  0.05584714927359046
8  0.54708989695  0.0639688094518793
9  2.02091728415  0.06536423015802836
Total= 2.8621941534500004
Varianza= 0.11937832887655792

Numero de qubits: 41 
Layer   Time var(Time)
1  0.0100188041  0.0007268777065967081
2  0.01129185315  0.0068934877360018005
3  0.011202769099999997  0.0013487271444871237
4  0.014411577099999998  0.00395531446429
5  0.0259157764  0.03205370016535482
6  0.04485191605000001  0.011175572007087064
7  0.167534822  0.048985630978147905
8  0.53806971015  0.07177990654106803
9  2.03878865475  0.07280911723735654
Total= 2.8620858828
Varianza= 0.13896574276852922

Numero de qubits: 42 
Layer   Time var(Time)
1  0.0184528029  0.031965521727270525
2  0.0108059477  0.0010893415245118998
3  0.02319844845  0.03311197591794379
4  0.01617828185  0.008718157300059108
5  0.04556638985000001  0.051873461302409773
6  0.0729477566  0.057125697748915315
7  0.16857092310000002  0.04343123588717861
8  0.5630004298  0.08710770919527379
9  2.2081321381  0.050382183682526914
Total= 3.1268531183500006
Varianza= 0.2101829194403566

Numero de qubits: 43 
Layer   Time var(Time)
1  0.018727779549999997  0.03176652333336351
2  0.026433241950000002  0.043811642992697394
3  0.021007005350000003  0.03316799981641642
4  0.0155887935  0.003978705768732849
5  0.026998409199999997  0.03231422886596878
6  0.04432926055  0.013391585830541206
7  0.166963534  0.017680950976352045
8  0.6317784259  0.05336965629587523
9  2.2368626232499995  0.045937187838141755
Total= 3.1886890732499995
Varianza= 0.15648799422454293

Numero de qubits: 44 
Layer   Time var(Time)
1  0.013821077350000006  0.009416338187269429
2  0.010765738899999999  0.0009274063621222308
3  0.012164459  0.0009409891210627783
4  0.029737638149999995  0.043839567337507185
5  0.030539276349999995  0.032380347324586334
6  0.061797308299999985  0.046190557739552884
7  0.1720306981  0.03051371035486331
8  0.6322973429499998  0.05756305608144523
9  2.346778995  0.06525484799955907
Total= 3.3099325341000005
Varianza= 0.14536555840721035

Numero de qubits: 45 
Layer   Time var(Time)
1  0.010965869  0.0006314056770963496
2  0.018313084  0.032138042389692
3  0.013198156450000002  0.0015460795033366969
4  0.01677584955  0.004631261254804273
5  0.021658719599999997  0.00402101517395368
6  0.048490826599999995  0.012557231854028154
7  0.19231193665000001  0.0498551309536982
8  0.6148525689000001  0.06950034555748484
9  2.34185791195  0.047902044253814585
Total= 3.2784249226999997
Varianza= 0.12899523539319488

Numero de qubits: 46 
Layer   Time var(Time)
1  0.0129347835  0.005578318196528508
2  0.01139836805  0.0010408142664305423
3  0.01316401905  0.0010572469952643741
4  0.025222488600000002  0.03227363904065464
5  0.020583530599999993  0.0011585132301766949
6  0.059961959999999995  0.031645226667293164
7  0.18769200165000002  0.0355513998441028
8  0.6691387003000001  0.051078263029747606
9  2.46922108415  0.07870229233486466
Total= 3.4693169358999993
Varianza= 0.14629061564418308

Numero de qubits: 47 
Layer   Time var(Time)
1  0.011552973150000001  0.0005980940703536759
2  0.0119123477  0.0012426000945006844
3  0.014216809700000003  0.002315665792149055
4  0.019004816750000004  0.006048130783000735
5  0.02198535935  0.003998523300727199
6  0.0459194854  0.009817236430807319
7  0.18305550884999996  0.034193939997828764
8  0.6673215336000001  0.05846459410637801
9  2.51656989015  0.08041392984265243
Total= 3.4915387246500003
Varianza= 0.11689235046747928

Numero de qubits: 48 
Layer   Time var(Time)
1  0.0117496417  0.0005832283531311813
2  0.01240913705  0.0011604064113924257
3  0.014139311400000002  0.0017751268956950205
4  0.021045157300000002  0.008356164981310327
5  0.032348069900000005  0.0313798318366767
6  0.07009718015  0.04819546337829405
7  0.18375433185  0.03459197497662566
8  0.6980995856500001  0.06207867402603493
9  2.6434224605000005  0.0688926009662586
Total= 3.687064875499999
Varianza= 0.14830721045004536

Numero de qubits: 49 
Layer   Time var(Time)
1  0.0123518952  0.000955405913062694
2  0.012297629249999999  0.0015087803492359272
3  0.014519957000000003  0.0010166375440281558
4  0.017055910399999995  0.0009315935441551428
5  0.030113368199999997  0.003243964154782904
6  0.04499694014999999  0.004633947209169093
7  0.19009362730000007  0.00993550527447882
8  0.7167795386  0.04577302131229483
9  2.5961446747  0.012379969532509492
Total= 3.6343535407999994
Varianza= 0.04662564192699797

Numero de qubits: 50 
Layer   Time var(Time)
1  0.012863640249999999  0.0009459964054191152
2  0.013157917849999997  0.0012368894306259664
3  0.01614377125  0.0030876629814250273
4  0.019847593950000002  0.0068747058915146295
5  0.029272605400000002  0.009431480300434081
6  0.08260391980000001  0.05624096357399769
7  0.19190490170000002  0.03471365997040047
8  0.7325910080000001  0.015503719364946426
9  2.79879792185  0.07370016214022071
Total= 3.897183280050001
Varianza= 0.1054167429731991

Numero de qubits: 51 
Layer   Time var(Time)
1  0.022257722399999996  0.030561269478581305
2  0.0202357076  0.030787255746675866
3  0.030944902699999992  0.041772199281914627
4  0.0182163203  0.0041438606319772146
5  0.02745544965  0.007801225177714583
6  0.0742796296  0.04885984630016121
7  0.1901123828  0.011310477024455723
8  0.7494792077000001  0.04218830722976477
9  2.8474423526999995  0.061113985301996736
Total= 3.9804236754499995
Varianza= 0.11018762866305966

Numero de qubits: 52 
Layer   Time var(Time)
1  0.014354297500000002  0.00589632546887537
2  0.014658531150000001  0.006679462521990886
3  0.0236479851  0.031017844509442966
4  0.0251768422  0.030678136608033535
5  0.02625963765  0.005742279654753896
6  0.053597300800000004  0.030668440490874707
7  0.22938589559999997  0.03500248660586834
8  0.7624322508000001  0.0605071786471284
9  2.9653317599  0.01877694450522201
Total= 4.1148445007
Varianza= 0.09393628310059307

Numero de qubits: 53 
Layer   Time var(Time)
1  0.013349371150000003  0.0007738535406810045
2  0.015512713499999997  0.007784917485595916
3  0.0173299066  0.0033027679371609568
4  0.0290071953  0.031034677205412173
5  0.02560812515  0.004735199173198275
6  0.06968621135  0.03975697070331333
7  0.21962562195  0.057877196301863734
8  0.73727878495  0.06850401372513322
9  2.9744399738  0.06224746973094008
Total= 4.101837903749999
Varianza= 0.14591083375094394

Numero de qubits: 54 
Layer   Time var(Time)
1  0.021049250699999997  0.030895072768513547
2  0.017710929700000003  0.01035876965247612
3  0.017084227700000003  0.001079861574652284
4  0.035815549599999996  0.04193457324427433
5  0.030744904950000002  0.00848199809751835
6  0.08186973889999999  0.04272886015978842
7  0.2052555883  0.005869059319273029
8  0.8145419368000001  0.030686449180194218
9  3.0956131677  0.06119187754583254
Total= 4.31968529435
Varianza= 0.0954789505153167

Numero de qubits: 55 
Layer   Time var(Time)
1  0.014438468749999997  0.0009734223843721116
2  0.015007428049999999  0.0012016052054941537
3  0.019004576050000003  0.003096178269564569
4  0.021205962  0.0057428681280319764
5  0.031201937100000004  0.010692342277512007
6  0.10280440314999999  0.05494210245437003
7  0.21206218024999995  0.01686881369175556
8  0.8127127842  0.04661130578707882
9  3.1099760687499995  0.05322589523483749
Total= 4.3384138082999995
Varianza= 0.10190301163293415

Numero de qubits: 56 
Layer   Time var(Time)
1  0.015889037550000002  0.004871615619213451
2  0.015240917350000003  0.0010197684678137132
3  0.025425290050000004  0.03041565481079007
4  0.023482958050000002  0.006674575955199599
5  0.029135129449999998  0.005413939751994313
6  0.07232917315000001  0.024838687941108262
7  0.2154266246  0.012471958788626593
8  0.8151153096500001  0.03667915252054085
9  3.2397869139  0.06899665511541384
Total= 4.45183135375
Varianza= 0.09548051273586163

Numero de qubits: 57 
Layer   Time var(Time)
1  0.014859838600000003  0.0007483462416478353
2  0.0157835822  0.0010170102546353506
3  0.024147636349999998  0.007530367192022964
4  0.020304125799999996  0.003795751381916176
5  0.030383712450000006  0.00712555190309751
6  0.06625327760000001  0.017139105762259774
7  0.23781788499999995  0.049774320902494104
8  0.8667258251000002  0.0583436905552338
9  3.2436085137  0.06047350683589834
Total= 4.5198843968
Varianza= 0.10504400008550223

Numero de qubits: 58 
Layer   Time var(Time)
1  0.015054926000000001  0.0007558894425153061
2  0.030620063050000007  0.042579952065652946
3  0.0204569514  0.0059450672022714965
4  0.0204563376  0.002423410159724173
5  0.03161332455  0.006877296289983771
6  0.07283074304999998  0.03360375646605452
7  0.2582175563  0.06421337302484842
8  0.8788097291500001  0.05169737057019256
9  3.3937059914499996  0.0802393648675579
Total= 4.7217656225499995
Varianza= 0.12098234193194583

Numero de qubits: 59 
Layer   Time var(Time)
1  0.015396595099999999  0.0008455528006703011
2  0.0197882619  0.010253814054486944
3  0.020701230600000002  0.003784414929534291
4  0.03726033705  0.04175721205539508
5  0.030360393949999998  0.007945630324703128
6  0.06671207355  0.020815520799271726
7  0.26114326300000007  0.06637520827324841
8  0.8926335781000002  0.048177575451730875
9  3.4455642069500003  0.07417717838242585
Total= 4.7895599402
Varianza= 0.11504800813508112

Numero de qubits: 60 
Layer   Time var(Time)
1  0.023882197550000005  0.03151003896530879
2  0.025867959349999997  0.03156517196163184
3  0.03069091665  0.03027325489846893
4  0.030406848650000005  0.031175962879659447
5  0.02744877135  0.002280251820502141
6  0.07825004194999999  0.03694508171720807
7  0.27536189124999993  0.07004105408282699
8  0.94025049855  0.07177539822559018
9  3.5434581364000004  0.08755431339843331
Total= 4.975617261699999
Varianza= 0.13467834740268236

