Numero de qubits: 15 
Layer   Time var(Time)
1  0.0434727726  0.1299580675380702
2  0.0035605458500000005  0.0012591177416467164
3  0.010846871099999999  0.031436745665631115
4  0.0034534341000000005  7.253744549465469e-5
5  0.0050931551  0.001916710201354365
6  0.0087955823  0.0011120010723072661
7  0.021757944250000005  0.001471351514613312
8  0.04560252805000001  0.0021718897063532127
9  0.057671519799999994  0.005055450585550457
10  0.055810386150000016  0.004843140849243095
11  0.073348978  0.049554101995645264
12  0.05618935304999999  0.0032053261637548904
13  0.06519533105  0.03463270279284938
14  0.0622228563  0.03457865092441187
15  0.0633246952  0.030294613877037167
Total= 0.5763459528999995
Varianza= 0.15433132996907317

Numero de qubits: 16 
Layer   Time var(Time)
1  0.00367895045  0.0003243133770760119
2  0.0033994384500000002  0.0003233671399401112
3  0.0037754783  0.0005940683359840937
4  0.0039625688999999995  0.0004919238570613242
5  0.00541518095  0.0006111010364452408
6  0.009863094799999998  0.0012136799288568877
7  0.0359642246  0.03209025849132335
8  0.07979063820000001  0.034929472248377766
9  0.15173074209999998  0.03706638771768411
10  0.14726532365  0.06902444250130105
11  0.16000023345  0.04644233303465418
12  0.13182920295  0.05841541585577722
13  0.16628468635  0.05787342215703614
14  0.11658987645  0.034865465519084614
15  0.14220697584999997  0.004456984303323844
Total= 1.1617566154499996
Varianza= 0.07135647152501445

Numero de qubits: 17 
Layer   Time var(Time)
1  0.003967806799999999  0.00034701842522344537
2  0.003652913  0.0004324241648848963
3  0.0038249925  0.00046924842902672573
4  0.0044905213000000005  0.0006557710707908743
5  0.00575009015  0.0007117022167386634
6  0.011223586750000002  0.00142335710596782
7  0.029407430849999992  0.0016634055096155678
8  0.07896079204999999  0.004156469967533778
9  0.2423928198  0.08089331122645037
10  0.21610439235000004  0.00902055642549001
11  0.27825908544999994  0.08238786620933633
12  0.2520629740500001  0.06404524236996466
13  0.2194013434  0.03925530491903137
14  0.25103195130000006  0.0716501590558334
15  0.2662395906  0.0759064971081585
Total= 1.86677029035
Varianza= 0.12131249978002635

Numero de qubits: 18 
Layer   Time var(Time)
1  0.00463627005  0.0006455791353537903
2  0.004259386950000001  0.0008203518935811922
3  0.004350748749999999  0.0006531257877105201
4  0.004894260700000001  0.0006079971947706749
5  0.006917079950000002  0.0012658543575417543
6  0.01193648465  0.001239789319645692
7  0.03465039935  0.003542958136029485
8  0.0983478356  0.009154075290206062
9  0.38780156634999996  0.066863335698842
10  0.6547829782999999  0.10396503531837772
11  0.42783380355  0.08344053933483186
12  0.70121667665  0.06085629356321033
13  0.4985999132500001  0.08406876849601151
14  0.6919645043500001  0.0534971377655512
15  0.53219422  0.049216371213281006
Total= 4.06438612845
Varianza= 0.28863640271172747

Numero de qubits: 19 
Layer   Time var(Time)
1  0.00458430825  0.00020158300648885928
2  0.0044941023  0.000732234637034339
3  0.004356247  0.0005216382864154049
4  0.0052734813000000005  0.0008537972025110003
5  0.008665705700000002  0.006702751439937454
6  0.012472482049999997  0.0012769989871333287
7  0.06723805845  0.06554707972617423
8  0.13739606385  0.0677873381851235
9  0.34638903390000003  0.08124872805953194
10  0.7955019885  0.0401259171304409
11  0.9716043544999999  0.05595724777425405
12  0.9748273951000002  0.06121571104157948
13  0.9694027646000002  0.058949500714776115
14  0.9525622297999998  0.04613572387664368
15  0.9621865336  0.04947093671046965
Total= 6.216954748899998
Varianza= 0.11232044130901855

Numero de qubits: 20 
Layer   Time var(Time)
1  0.0053869936500000005  0.0008570844046572236
2  0.004766154199999999  0.0005101562017872174
3  0.004936623000000001  0.0005032789371411245
4  0.00557906775  0.0004924110360802116
5  0.00793365735  0.0013872685570073403
6  0.014147778800000002  0.0015310362132891111
7  0.040990685799999996  0.0024684181120551603
8  0.13124101465  0.037935198955162584
9  0.4880027291500001  0.07769966142192711
10  1.42599402805  0.05309859107273317
11  3.3377016083499997  0.07568953220480248
12  2.3379603739  0.06401415905556858
13  3.3289086144499995  0.0768719297717439
14  2.311296166249999  0.0631468271000659
15  3.16376161945  0.22903856502536157
Total= 16.6086071148
Varianza= 0.3272724910736599

