Numero de qubits: 15 
Layer   Time var(Time)
1  0.04397852534999999  0.13175281329490207
2  0.0032167878000000003  0.00036132847709758497
3  0.003537158900000001  0.0005595639108651397
4  0.0037953355  0.0008158189663798273
5  0.0054298924000000005  0.0020773505267467117
6  0.009395774049999998  0.0011405398995807412
7  0.024306638149999997  0.0034063339523304854
8  0.04193261735000001  0.0023644904782499825
9  0.05490386220000001  0.0043778695880319525
10  0.06045502534999999  0.03206139060633739
11  0.05962752250000001  0.030809935676350757
12  0.05292664065  0.006866011146198755
13  0.051399326950000004  0.0014253971021468176
14  0.051804935350000005  0.004099670720863704
15  0.0816345723  0.060779171772479185
Total= 0.5483446147999997
Varianza= 0.14982517545067017

Numero de qubits: 16 
Layer   Time var(Time)
1  0.0035983104500000003  0.00011639447969576358
2  0.0033988708  0.00037404794165555834
3  0.0038765031000000012  0.000751579170084024
4  0.004086550050000001  0.0005331824267962585
5  0.005742897950000001  0.0007625142296257476
6  0.010242800849999997  0.0011486884950243153
7  0.030563949899999998  0.0018486585892099959
8  0.06840523870000001  0.004321982311968284
9  0.1627674778  0.05668242137389383
10  0.11962519275000001  0.051433995292505516
11  0.1842825236  0.0732470159100853
12  0.10205796144999998  0.005029918182115704
13  0.18444569755  0.07333410249653412
14  0.10152615385000001  0.006180691360226673
15  0.1454278596  0.035117771912477676
Total= 1.1300479883999999
Varianza= 0.06607955486211568

Numero de qubits: 17 
Layer   Time var(Time)
1  0.0038748695  9.428470835055912e-5
2  0.0036152608  0.0004054932549461952
3  0.003940533099999999  0.00048666530314569377
4  0.004561612349999999  0.000717830611516622
5  0.006035713150000001  0.000723028193881212
6  0.013596124099999999  0.006165766829462382
7  0.041478439150000004  0.031218615851923755
8  0.08062847365  0.010447957603455859
9  0.21438743759999998  0.07182406335596503
10  0.23572134719999993  0.06322496316941832
11  0.26511178815  0.07995671635266322
12  0.23745654859999998  0.06654586034307625
13  0.21983504085  0.06143106392084245
14  0.24744699839999998  0.06835233055339685
15  0.24599093890000004  0.0752489941444744
Total= 1.8236811255000007
Varianza= 0.09210238168922638

Numero de qubits: 18 
Layer   Time var(Time)
1  0.0044430018499999994  0.0003605310759550797
2  0.0040632045499999995  0.0004341374812851886
3  0.00451779475  0.0008131674560929547
4  0.0058107225000000005  0.0014546564219858412
5  0.00697295015  0.0010641463017061269
6  0.0127554398  0.0016342191287089562
7  0.038778583799999995  0.0023165135498239937
8  0.102725777  0.007290966531600816
9  0.37537037084999997  0.08183116605773416
10  0.5675388457  0.0694837338206398
11  0.39886812955000006  0.010189232361940154
12  0.6742827929999999  0.01626699844504015
13  0.5461725437999999  0.013977348928770257
14  0.66764854005  0.009912670132988818
15  0.5618616893999999  0.01946320919089179
Total= 3.971810386750002
Varianza= 0.13224877649154115

Numero de qubits: 19 
Layer   Time var(Time)
1  0.00461720135  0.00026607649090614437
2  0.0045183357999999995  0.0006902478368244698
3  0.004626249800000001  0.0005737722672241661
4  0.005426038150000001  0.0008876406068229008
5  0.008117047299999998  0.0013148616803721257
6  0.0141713924  0.0018730225116909674
7  0.07017154515  0.06016320936441767
8  0.15475719449999997  0.07282128708834011
9  0.39773360560000004  0.07986534005230526
10  0.8185680402000001  0.03846108840003459
11  0.9956519182500001  0.07075909810188342
12  0.9680425900499999  0.06805019267227067
13  0.9865034494500001  0.07841141323431662
14  0.9502638721000001  0.04931751549944668
15  0.9661903216999999  0.07107691434670306
Total= 6.3493588018
Varianza= 0.16755671413640225

Numero de qubits: 20 
Layer   Time var(Time)
1  0.005064652649999999  0.0004291800004534548
2  0.00477699805  0.0006014827934189368
3  0.0118925376  0.03105527304692086
4  0.00552535345  0.0006100022848729728
5  0.0243276007  0.043698499003715766
6  0.014872681600000002  0.0015284148278329546
7  0.046771935849999995  0.0018640775538450182
8  0.13342828399999998  0.008924004679767566
9  0.4903880909000001  0.06739617101174229
10  1.2255170574499998  0.06945532485211947
11  2.6349018194  0.14160972583719905
12  1.9379750136999991  0.12529335092084667
13  2.6062316712  0.1895953041957007
14  1.9420889509500001  0.1421405145773168
15  2.5803807868499997  0.20788536673325586
Total= 13.664143434349999
Varianza= 0.7287464232586118

