Numero de qubits: 20 
Layer   Time var(Time)
1  0.0188259224  0.061477900254858324
2  0.01086607165  0.02849622293245727
3  0.004547624950000001  0.0004063451453419218
4  0.005465490499999999  0.0005253824702386348
5  0.007581734850000001  0.0006910047131827883
6  0.015145378349999999  0.0015321861473751575
7  0.0442869615  0.0014935153527258257
8  0.12199369475000002  0.002971039629044635
9  0.5047823163499998  0.04552800867166069
10  1.17425878975  0.05505786633529071
11  2.746109477249999  0.059898689717098365
12  1.9407152763999995  0.05933147317102443
13  2.743097456500001  0.11966160514969358
14  1.95244694695  0.034110041849355205
15  2.7378683977500007  0.14308514778787323
16  1.9623855251499993  0.025008229498420135
17  2.7726282589499998  0.1170286945863625
18  1.9541250114  0.03578563104908768
19  2.7194500099499996  0.16892451823514018
Total= 23.43658034534999
Varianza= 0.38861964705262947

Numero de qubits: 21 
Layer   Time var(Time)
1  0.00497267385  0.0003106501775676742
2  0.0047578549000000005  0.00045610979046890675
3  0.005031475800000001  0.0005496510960525413
4  0.006199526000000001  0.0009068927662421836
5  0.007687376850000002  0.0007719476538355611
6  0.01363169915  0.0005576678667287792
7  0.050513337549999995  0.0038217236958504
8  0.12759474725  0.0006604420124011541
9  0.5434911699  0.006047003814481082
10  1.3739141441499998  0.012731144615216102
11  3.2838682247500004  0.06510666248347025
12  4.390674411449999  0.051823459191555205
13  4.272512906849999  0.05612185282565916
14  4.339126352249999  0.04142123826113365
15  4.2392526546500005  0.08069820010095667
16  4.36085827395  0.03678251892754659
17  4.245425337199999  0.07504038551804176
18  4.352223948600001  0.02891439676569081
19  4.25959578715  0.07616043668141817
Total= 39.881331902250004
Varianza= 0.17372249019848143

