Gamma, E, varE, T, varT, dimension, vardimension 
0.0 -12.5 0.0 1.5613793799999998 0.2974998259966024 0.0 0.0 1.0 0.0
0.1 -12.625315674802895 -2.842170943040401e-14 2.9757157700000003 0.4185242591290841 0.0001684934725100258 8.565058196292576e-19 6.9 0.0899999999999963
0.2 -13.005213577943005 -5.684341886080802e-14 4.044758509999999 1.6605607209902224 0.07115978191118333 0.04257138568322609 12.8 5.7599999999999625
0.3 -13.652982294192304 0.0 5.5862263 6.926032374377261 0.012681491591242386 1.4198169549783923e-15 22.5 4.050000000000011
0.4 -14.597618860682498 0.0 18.298907120000003 23.543941925305262 0.0600448609900975 0.0004800143355407167 64.0 0.0
0.5 -15.9181077586156 2.0665424926846754e-10 25.57535828 4.370515224766791 0.9388866498101297 7.261856225015961e-6 64.0 0.0
0.6 -17.745242448793867 5.684341886080802e-14 15.844375530000002 35.417909751394916 0.5067465683855097 1.1102230246251565e-16 64.0 0.0
0.7 -19.814853751659523 -5.684341886080802e-14 23.04718613 3.2540373678118613 0.3540526180088478 0.0 64.0 0.0
0.8 -22.006351527520692 -5.684341886080802e-14 17.94793689 4.18329015700192 0.27009758261052697 -1.3877787807814457e-17 45.0 0.0
0.9 -24.272553804561078 0.0 14.621296699999998 2.4109954216445715 0.21578003623294434 1.734723475976807e-16 35.9 1.8900000000001
1.0 -26.588610249236904 1.1368683772161603e-13 11.45538864 9.677125392952036 0.17768594143517796 1.3877787807814457e-17 29.6 1.4399999999999409
1.1 -28.939829883268857 0.0 5.54654104 0.23203898157186842 0.1495744779197669 2.706168622523819e-16 27.7 0.8100000000000591
1.2 -31.316870569646674 2.2737367544323206e-13 4.721087860000001 0.045248805179589624 0.12806779732610926 4.5102810375396984e-17 25.7 0.8099999999999454
1.3 -33.71347212136519 2.2737367544323206e-13 4.27749905 0.14167484376106287 0.11115795990642544 1.9081958235744878e-17 21.2 0.9599999999999795
1.4 -36.12526747762311 -2.2737367544323206e-13 3.9458969499999994 0.10274928274430906 0.0975710916813374 4.189357194483989e-14 19.8 2.5600000000000023
1.5 -38.5491106246332 6.821210263296962e-13 3.8697856099999997 0.20586497435751738 0.0864592602085975 1.790755044250858e-14 19.1 1.8899999999999295
1.6 -40.98267431482543 -2.2737367544323206e-13 3.5491805999999997 0.081143347110471 0.0772358822323955 2.7200464103316335e-15 17.7 0.8100000000000591
1.7 -43.42419818129945 -6.821210263296962e-13 3.2291360600000005 0.09019934315372247 0.06948258842413249 2.7504040711612276e-15 14.8 0.9599999999999795
1.8 -45.87232505967343 9.094947017729282e-13 3.1645405099999997 0.11684962769337304 0.06289370950196449 7.355227538141662e-16 14.4 0.6399999999999864
1.9 -48.32599118837275 -4.547473508864641e-13 3.04186953 0.17407718315875265 0.05724065770343902 8.673617379884035e-19 14.0 0.0
2.0 -50.7843506411866 0.0 3.1295442600000003 0.10733101687138458 0.052349501051580004 1.8171228410857054e-16 14.6 0.8400000000000034
