Gamma, E, varE, T, varT, dimension, vardimension 
0.0 -12.5 0.0 0.8658673 0.07499717398010008 0.0 0.0 1.0 0.0
0.1 -12.625312469530733 1.0317080523236655e-11 1.4620974800000002 0.1940447396762668 0.00012636879368139095 1.7742546623423412e-9 4.5 2.25
0.2 -13.00513573677004 2.59589683082595e-9 1.5797473499999999 0.07593050525480916 0.030918085910619765 0.0078120802639680634 7.1 12.690000000000005
0.3 -13.652456807997956 6.896698323544115e-8 1.7982458399999999 0.10777022372631917 0.0076061762896057995 6.405154831941163e-6 8.6 10.440000000000012
0.4 -14.594866953099352 2.842170943040401e-14 2.01183438 0.11574412225523023 0.026370379790352526 3.2526065174565133e-19 14.0 0.0
0.5 -15.917996768274463 1.2789769243681803e-12 2.68644523 0.049056775906439753 0.9357346585268447 4.882067194955653e-9 16.0 0.0
0.6 -17.74519601220078 5.684341886080802e-14 2.33860113 0.15160464061962564 0.5050187265700247 2.220446049250313e-16 16.0 0.0
0.7 -19.814776699998525 1.1729071047739126e-9 2.3502448400000002 0.18828077572482727 0.3524100807421904 4.7528743089830794e-7 16.0 0.0
0.8 -22.00631964571247 2.162323653465137e-10 2.5138398699999995 0.20905826218289825 0.26948950505829705 7.311460253900393e-8 16.0 0.0
0.9 -24.23550935731964 -1.1368683772161603e-13 2.03701189 0.19016477850987012 0.10789002853747467 -1.734723475976807e-18 11.1 0.09000000000000341
1.0 -26.555717978167895 -3.410605131648481e-13 1.9450683300000002 0.04319919688989726 0.08884297353169383 0.0 9.0 0.0
1.1 -28.910213156498003 -2.2737367544323206e-13 1.6490220299999998 0.15449058380260272 0.07478724273764051 3.469446951953614e-18 9.0 0.0
1.2 -31.289913324893252 -1.1368683772161603e-13 1.75944912 0.08791683389004179 0.06403390009672533 8.673617379884035e-19 7.0 0.0
1.3 -33.688722146476984 -6.821210263296962e-13 1.7054605999999999 0.2355236732868442 0.05557898199974352 -4.336808689942018e-19 7.0 0.0
1.4 -36.102381694805075 -4.547473508864641e-13 1.6455637399999996 0.0621872655737401 0.04878559874053735 -4.336808689942018e-19 7.0 0.0
1.5 -38.52782186120256 6.821210263296962e-13 1.37913744 0.16749614698252824 0.04322967503852297 -2.168404344971009e-19 7.0 0.0
1.6 -40.96277005769597 -2.2737367544323206e-13 1.7367012700000004 0.0781378808268367 0.03861795039502133 2.168404344971009e-19 6.0 0.0
1.7 -43.40550639115922 2.2737367544323206e-13 1.6781550200000002 0.09465011674588375 0.034741326642246786 0.0 6.0 0.0
1.8 -45.8547043451086 0.0 1.7797879599999997 0.1226724861354267 0.03144688209612175 0.0 6.0 0.0
1.9 -48.309323851236925 -4.547473508864641e-13 1.7142722899999998 0.11851439828185795 0.028620351073475363 0.0 6.0 0.0
2.0 -50.76853759911026 4.547473508864641e-13 1.66042493 0.03868945311097072 0.02617476090946928 -2.168404344971009e-19 6.0 0.0
0.0 -12.5 0.0 1.0969909599999998 0.07802382222731064 0.0 0.0 1.0 0.0
0.1 -12.625314392671527 6.650680006714538e-12 1.76826294 0.31946574836226604 0.00041763705341224083 6.468795258925063e-7 5.8 3.3599999999999994
0.2 -13.005202455702094 1.1127383459097473e-9 2.64881618 0.28344899611497976 0.0022643322819925677 1.2780598324154422e-7 10.9 4.489999999999995
0.3 -13.652982293460644 -5.684341886080802e-14 3.70244437 0.19904734545891856 0.012681422176987537 8.369769721044973e-16 18.9 1.8900000000001
0.4 -14.596242904608136 1.8932425973616773e-6 6.10859142 5.598239414607349 0.03955559071834821 0.00017384978721608053 23.0 81.0
0.5 -15.918111093632513 -2.842170943040401e-14 7.815830859999998 0.0896851868291435 0.9396895284780109 1.7094403670370184e-10 32.0 0.0
0.6 -17.745242425215682 -5.684341886080802e-14 8.77425529 0.3279716132326058 0.506744187298494 0.0 32.0 0.0
0.7 -19.81485373490801 -1.1368683772161603e-13 9.156238810000001 0.23782457808486868 0.35405130160405407 -2.7755575615628914e-17 32.0 0.0
0.8 -22.006351518194673 1.1368683772161603e-13 7.64619091 0.18863555365886242 0.27009702805455393 6.336875468804237e-13 32.0 0.0
0.9 -24.239213801144807 0.00012350612996669952 4.57809318 2.055753902683513 0.11867897810566885 0.0010476128950684931 13.0 36.0
1.0 -26.562296356830068 0.00017310026328232198 4.32929955 1.2283527804709742 0.10660982742980044 0.001262644389746742 11.4 23.039999999999992
1.1 -28.925021448774185 0.0002192855200746635 4.90827604 1.7300207402339112 0.11217932851935848 0.0013981680802425192 15.4 42.23999999999995
1.2 -31.300696186575596 0.00017440515921407496 4.13317608 0.815928012760569 0.08964672565296668 0.0009840252494616522 11.8 34.56
1.3 -33.69367213161713 9.800941120374773e-5 3.2566364900000004 0.6975270498053607 0.0666945893294282 0.0004942269052309054 9.0 16.0
1.4 -36.109247422891954 0.00010998918583027262 2.9567086799999998 0.19877445409990102 0.06342112382287471 0.0004997967203501097 10.0 21.0
1.5 -38.53633736185609 0.00010877062686631689 2.58539833 0.2509958559705625 0.060521427343657494 0.0004485070466732086 11.0 24.0
1.6 -40.97670303213518 8.319761809616466e-5 3.58757009 0.25648182241394224 0.06565041057089346 0.000313180244214074 12.6 19.439999999999998
1.7 -43.414852226138535 8.734463176551799e-5 2.82520245 0.1535121838576723 0.05211127484822546 0.0003017151041766787 9.7 14.41000000000001
1.8 -45.86703880097534 6.520234364870703e-5 3.2993849700000006 0.40844744435725033 0.053459178155623344 0.00020766050669890866 11.3 12.809999999999988
1.9 -48.32265765478942 4.444757905730512e-5 2.99736366 0.09246131586404793 0.051515905022024355 0.0001310515994451208 11.8 9.759999999999991
2.0 -50.778025423984005 6.001254678267287e-5 3.3456004299999997 0.38214379642415963 0.04187959968679202 0.00016442797401449057 10.8 15.359999999999985
0.0 -12.5 0.0 1.5613793799999998 0.2974998259966024 0.0 0.0 1.0 0.0
0.1 -12.625315674802895 -2.842170943040401e-14 2.9757157700000003 0.4185242591290841 0.0001684934725100258 8.565058196292576e-19 6.9 0.0899999999999963
0.2 -13.005213577943005 -5.684341886080802e-14 4.044758509999999 1.6605607209902224 0.07115978191118333 0.04257138568322609 12.8 5.7599999999999625
0.3 -13.652982294192304 0.0 5.5862263 6.926032374377261 0.012681491591242386 1.4198169549783923e-15 22.5 4.050000000000011
0.4 -14.597618860682498 0.0 18.298907120000003 23.543941925305262 0.0600448609900975 0.0004800143355407167 64.0 0.0
0.5 -15.9181077586156 2.0665424926846754e-10 25.57535828 4.370515224766791 0.9388866498101297 7.261856225015961e-6 64.0 0.0
0.6 -17.745242448793867 5.684341886080802e-14 15.844375530000002 35.417909751394916 0.5067465683855097 1.1102230246251565e-16 64.0 0.0
0.7 -19.814853751659523 -5.684341886080802e-14 23.04718613 3.2540373678118613 0.3540526180088478 0.0 64.0 0.0
0.8 -22.006351527520692 -5.684341886080802e-14 17.94793689 4.18329015700192 0.27009758261052697 -1.3877787807814457e-17 45.0 0.0
0.9 -24.272553804561078 0.0 14.621296699999998 2.4109954216445715 0.21578003623294434 1.734723475976807e-16 35.9 1.8900000000001
1.0 -26.588610249236904 1.1368683772161603e-13 11.45538864 9.677125392952036 0.17768594143517796 1.3877787807814457e-17 29.6 1.4399999999999409
1.1 -28.939829883268857 0.0 5.54654104 0.23203898157186842 0.1495744779197669 2.706168622523819e-16 27.7 0.8100000000000591
1.2 -31.316870569646674 2.2737367544323206e-13 4.721087860000001 0.045248805179589624 0.12806779732610926 4.5102810375396984e-17 25.7 0.8099999999999454
1.3 -33.71347212136519 2.2737367544323206e-13 4.27749905 0.14167484376106287 0.11115795990642544 1.9081958235744878e-17 21.2 0.9599999999999795
1.4 -36.12526747762311 -2.2737367544323206e-13 3.9458969499999994 0.10274928274430906 0.0975710916813374 4.189357194483989e-14 19.8 2.5600000000000023
1.5 -38.5491106246332 6.821210263296962e-13 3.8697856099999997 0.20586497435751738 0.0864592602085975 1.790755044250858e-14 19.1 1.8899999999999295
1.6 -40.98267431482543 -2.2737367544323206e-13 3.5491805999999997 0.081143347110471 0.0772358822323955 2.7200464103316335e-15 17.7 0.8100000000000591
1.7 -43.42419818129945 -6.821210263296962e-13 3.2291360600000005 0.09019934315372247 0.06948258842413249 2.7504040711612276e-15 14.8 0.9599999999999795
1.8 -45.87232505967343 9.094947017729282e-13 3.1645405099999997 0.11684962769337304 0.06289370950196449 7.355227538141662e-16 14.4 0.6399999999999864
1.9 -48.32599118837275 -4.547473508864641e-13 3.04186953 0.17407718315875265 0.05724065770343902 8.673617379884035e-19 14.0 0.0
2.0 -50.7843506411866 0.0 3.1295442600000003 0.10733101687138458 0.052349501051580004 1.8171228410857054e-16 14.6 0.8400000000000034
