Gamma, E, varE, T, varT, dimension, vardimension 
0.0 -12.5 0.0 0.7474755799999999 0.02294972645232174 0.0 0.0 1.0 0.0
0.1 -12.625309264296071 0.0 0.9679377099999998 0.009619092476947033 8.424689127424917e-5 8.271806125530277e-25 3.0 0.0
0.2 -13.005113500204477 1.112510972234304e-9 1.0074592699999998 0.024816906663698513 0.001310938523969987 1.276733867346777e-7 5.3 0.8099999999999987
0.3 -13.652456741737353 6.889732162562723e-8 1.29090121 0.00875203262626112 0.007703147907551641 7.454190065640622e-6 7.2 0.1599999999999966
0.4 -14.594866953044331 0.0 1.18868981 0.020953563925200536 0.02637037482138881 -2.168404344971009e-19 8.0 0.0
0.5 -15.914377218640828 1.591087084307219e-8 1.1902036200000001 0.022417498437297123 0.42642520112664883 0.006888739553693457 8.0 0.0
0.6 -17.744898025711763 -5.684341886080802e-14 1.22860528 0.015562501449863486 0.4987118255323927 8.801015471959772e-13 8.0 0.0
0.7 -19.77967721297523 0.0005272984951716353 1.1043669 0.06074330850782794 0.22951120210391246 0.006427553332769745 8.0 0.0
0.8 -21.963829121696197 -1.7053025658242404e-13 1.13246934 0.00974622810363801 0.1350487920636035 0.0 8.0 0.0
0.9 -24.235509357403377 -2.2737367544323206e-13 1.1649003299999998 0.024667547911860543 0.10789002839457544 5.204170427930421e-18 8.0 0.0
1.0 -26.555717978166093 -3.410605131648481e-13 1.17249441 0.023790582303320873 0.08884297351219865 0.0 8.0 0.0
1.1 -28.910213156498042 2.2737367544323206e-13 1.1635539099999999 0.01652271362455915 0.07478724273399512 -8.673617379884035e-19 8.0 0.0
1.2 -31.289913324893273 1.1368683772161603e-13 1.15383037 0.014974932661356188 0.06403390009672491 -1.734723475976807e-18 7.0 0.0
1.3 -33.688722146477026 2.2737367544323206e-13 1.22502979 0.01875814336653714 0.055578981999743295 0.0 7.0 0.0
1.4 -36.102381694805075 -2.2737367544323206e-13 1.24556255 0.040055246316330395 0.048785598740536694 0.0 7.0 0.0
1.5 -38.527821861202554 4.547473508864641e-13 1.25295383 0.017887223057117874 0.04322967503852309 -4.336808689942018e-19 7.0 0.0
1.6 -40.96277005769595 -2.2737367544323206e-13 1.2019806499999999 0.03623506068797866 0.03861795039502246 -2.168404344971009e-19 6.0 0.0
1.7 -43.40550639115925 -9.094947017729282e-13 1.0589342899999998 0.004910427870925327 0.034741326642246856 -4.336808689942018e-19 6.0 0.0
1.8 -45.85470434510866 0.0 1.0583902699999999 0.021518767675272388 0.03144688209612152 -2.168404344971009e-19 6.0 0.0
1.9 -48.309323851236954 4.547473508864641e-13 1.1124304999999999 0.021125522821008103 0.028620351073474493 1.0842021724855044e-19 6.0 0.0
2.0 -50.76853759911031 -9.094947017729282e-13 1.09556059 0.01287493328253464 0.026174760909467593 -1.0842021724855044e-19 6.0 0.0
