Gamma, E, varE, T, varT, dimension, vardimension 
0.0 -2.499999999999999 1.7763568394002505e-15 0.11438606 0.005485676344112404 0.017057347244232766 0.0015825987459300122 2.0 0.0
0.1 -2.52506313524705 -8.881784197001252e-16 0.14038086 0.0008161442679943953 0.3444823467924762 0.07286944147755196 12.0 0.0
0.2 -2.6010416496049045 8.173017818080552e-12 0.143804 0.0006156103142180014 0.3405893305808213 0.08707194761677467 21.9 1.490000000000066
0.3 -2.7307560265500572 1.7944826957716487e-8 0.18576971 0.0046287416184668945 0.6033147502012167 0.018944299543325827 30.0 1.3999999999999773
0.4 -2.922733926859888 -1.7763568394002505e-15 0.15788615 0.0008716169941745053 0.726671950982824 1.0199618927231313e-12 28.7 2.810000000000059
0.5 -3.1962266107498256 -1.7763568394002505e-15 0.14165727999999997 0.0009257255650136111 0.6720147574190393 1.1102230246251565e-16 27.0 0.0
0.6 -3.55443763091088 3.552713678800501e-15 0.16570669999999998 0.0007426103469780031 0.49667872816246483 2.7755575615628914e-17 27.0 0.0
0.7 -3.9646284214464473 -1.7763568394002505e-15 0.15906265 0.0012351378211405 0.3576901429064337 2.7755575615628914e-17 26.0 0.0
0.8 -4.40181764424803 -3.552713678800501e-15 0.15239416 0.002015486812254396 0.2720738984544231 0.0 24.0 0.0
0.9 -4.854710718904643 -1.0658141036401503e-14 0.18645158 0.0033982468105195965 0.21661658362789518 -1.3877787807814457e-17 23.0 0.0
1.0 -5.317802204673981 -3.552713678800501e-15 0.16466120999999997 0.0016413640362489094 0.1780395189970359 -1.3877787807814457e-17 21.0 0.0
1.1 -5.788000781700349 0.0 0.16290077 0.0010941597913180952 0.1497303156645702 -3.469446951953614e-18 21.0 0.0
1.2 -6.2633902945151405 -7.105427357601002e-15 0.14098766999999998 0.0004423517355641067 0.12813999207296625 0.0 19.0 0.0
1.3 -6.742702399609309 -7.105427357601002e-15 0.15204475 0.002798525834190501 0.11119307955768454 1.734723475976807e-18 19.0 0.0
1.4 -7.225057631267812 2.1316282072803006e-14 0.14566335000000002 0.0010633229949444899 0.09758906591206204 -1.734723475976807e-18 19.0 0.0
1.5 -7.709824365739321 0.0 0.13466971 0.0016582404504589011 0.08646882172078654 0.0 18.0 0.0
1.6 -8.196536124210423 2.842170943040401e-14 0.14146482 0.0006908284315396036 0.07724110989243964 1.734723475976807e-18 17.0 0.0
1.7 -8.684840371649097 -1.4210854715202004e-14 0.18003370000000002 0.0028872587166279898 0.06948561475469475 8.673617379884035e-19 16.0 0.0
1.8 -9.174465453721954 -1.4210854715202004e-14 0.15223051999999998 0.0008897187102756034 0.06289549898492242 -8.673617379884035e-19 16.0 0.0
1.9 -9.665198510399199 1.4210854715202004e-14 0.16341087 0.0022090955784980944 0.05724174625034047 -4.336808689942018e-19 16.0 0.0
2.0 -10.156870300565139 0.0 0.14101803 0.0015476646980801013 0.05235016585260714 -4.336808689942018e-19 16.0 0.0
