Gamma, E, varE, T, varT, dimension, vardimension 
0.0 -12.5 0.0 0.80934712 0.013575885021137712 0.0 0.0 1.0 0.0
0.1 -12.625312469530732 1.0260237104375847e-11 1.33861521 0.09065075389740529 0.00012636879368088273 1.7742546623896824e-9 4.5 2.25
0.2 -13.005169092937692 2.9668854040210135e-9 1.24597048 0.036899960687991396 0.0019065406946129377 3.4053733466524916e-7 8.2 7.160000000000011
0.3 -13.652522385407911 9.044885018738569e-8 1.4385272699999998 0.06327933720713252 0.008239441309679525 8.411787609929083e-6 9.5 14.849999999999994
0.4 -14.59514103877152 6.761066231320001e-7 1.68969001 0.05978282488291242 0.028948461299229438 5.981853839960496e-5 14.2 0.36000000000001364
0.5 -15.917996941048282 3.979039320256561e-13 1.8581999200000001 0.07004772597346554 0.935747673217554 1.5390623220312705e-9 16.0 0.0
0.6 -17.74519601218093 -1.1368683772161603e-13 1.7912952 0.053292275271044076 0.5050187348093291 1.6653345369377348e-16 16.0 0.0
0.7 -19.814759577537593 1.1368683772161603e-13 1.65677137 0.033041587538092276 0.35206537545604843 -2.7755575615628914e-17 16.0 0.0
0.8 -22.006312291092264 -2.8421709430404007e-13 1.70626705 0.03357154842936305 0.2693543064980412 0.0 16.0 0.0
0.9 -24.235509357403355 -1.1368683772161603e-13 1.45545145 0.02943617436641688 0.10789002853746729 -3.469446951953614e-18 11.0 0.0
1.0 -26.555717978167497 2.2737367544323206e-13 1.46250294 0.04065477861036637 0.08884297353169297 0.0 9.0 0.0
1.1 -28.910213156498003 -1.1368683772161603e-13 1.35653143 0.012103771981830214 0.0747872427376403 1.734723475976807e-18 9.0 0.0
1.2 -31.28991332489327 3.410605131648481e-13 1.30504154 0.06515131656700701 0.06403390009672517 -8.673617379884035e-19 7.0 0.0
1.3 -33.688722146476984 0.0 1.2929178699999997 0.022560149119014827 0.0555789819997445 0.0 7.0 0.0
1.4 -36.10238169480503 0.0 1.31213592 0.06144937659666572 0.048785598740537325 1.3010426069826053e-18 7.0 0.0
1.5 -38.52782186120261 -2.2737367544323206e-13 1.3716163299999997 0.034911565576566606 0.04322967503852184 0.0 7.0 0.0
1.6 -40.96277005769597 -2.2737367544323206e-13 1.1787394599999999 0.01910129087502077 0.038617950395022325 2.168404344971009e-19 6.0 0.0
1.7 -43.405506391159214 -4.547473508864641e-13 1.1389891099999998 0.023811082573881537 0.03474132664224643 0.0 6.0 0.0
1.8 -45.85470434510866 4.547473508864641e-13 1.23767988 0.025924971498973548 0.03144688209612127 2.168404344971009e-19 6.0 0.0
1.9 -48.30932385123689 -4.547473508864641e-13 1.28662575 0.038640152135666295 0.028620351073475485 2.168404344971009e-19 6.0 0.0
2.0 -50.76853759911032 0.0 1.3040287200000003 0.127372569769721 0.026174760909468346 1.0842021724855044e-19 6.0 0.0
