Gamma, E, varE, T, varT, dimension, vardimension 
0.0 -12.5 0.0 0.78045605 0.019394560276836614 0.0 0.0 1.0 0.0
0.1 -12.625309264296078 2.842170943040401e-14 0.95051018 0.003683510254795741 8.42468912736015e-5 -2.481541837659083e-24 3.0 0.0
0.2 -13.005102326418495 5.684341886080802e-14 1.0041007499999999 0.011931556397510645 0.0013620132842950936 2.606519525504383e-7 4.0 0.0
0.3 -13.652325486084901 -2.842170943040401e-14 1.05466008 0.014158030010817724 0.006340566960491924 1.3552527156068805e-20 4.0 0.0
0.4 -14.594865794135782 5.684341886080802e-14 0.9632516799999999 0.008113598842843572 0.026346759237780164 7.35089072945172e-17 4.0 0.0
0.5 -15.900541745520822 1.1368683772161603e-13 1.0319904600000003 0.00866423812312389 0.18421885710647698 1.3877787807814457e-17 4.0 0.0
0.6 -17.69172410023491 4.035882739117369e-11 1.0634165000000002 0.017711949340185384 0.2528431134538535 1.607658450808458e-12 4.0 0.0
0.7 -19.764636949987747 6.74162947689183e-11 1.06368112 0.017286630138271475 0.17698837613354726 0.0 4.0 0.0
0.8 -21.96382779337118 1.1368683772161603e-13 1.0597007299999999 0.00694377445961436 0.13504219056368733 2.42861286636753e-17 4.0 0.0
0.9 -24.235508972236808 0.0 1.00902975 0.0060053506214921 0.10788840788266989 1.734723475976807e-18 4.0 0.0
1.0 -26.55571784603351 0.0 1.15478412 0.020509489864495745 0.08884248171124702 0.0 4.0 0.0
1.1 -28.91021310507579 1.1368683772161603e-13 1.00126976 0.0167492849061186 0.07478706957481095 0.0 4.0 0.0
1.2 -31.289913302834414 1.1368683772161603e-13 1.0172100800000001 0.025152569149241355 0.06403383173436214 0.0 4.0 0.0
1.3 -33.68872213624707 0.0 1.14095229 0.029287651609764875 0.05557895250249406 8.673617379884035e-19 4.0 0.0
1.4 -36.1023816897477 2.2737367544323206e-13 1.00683047 0.01468366794831022 0.048785585069334336 4.336808689942018e-19 4.0 0.0
1.5 -38.52782185856394 4.547473508864641e-13 1.1145766499999998 0.04803774870122468 0.043229668300745636 2.168404344971009e-19 4.0 0.0
1.6 -40.96277005625468 4.547473508864641e-13 1.0847991000000001 0.005660936097585667 0.03861794690553348 0.0 4.0 0.0
1.7 -43.405506390339454 2.2737367544323206e-13 1.0212940500000003 0.036428119261081804 0.03474132475166859 4.336808689942018e-19 4.0 0.0
1.8 -45.854704344626484 4.547473508864641e-13 1.2119191299999996 0.02827427002033689 0.03144688103359056 -2.168404344971009e-19 4.0 0.0
1.9 -48.309323850944864 -4.547473508864641e-13 1.0282733 0.044672353091602224 0.02862035045568876 -2.168404344971009e-19 4.0 0.0
2.0 -50.76853759892858 0.0 0.9727356100000002 0.005338829072828566 0.026174760539455617 0.0 4.0 0.0
