Gamma, E, varE, T, varT, dimension, vardimension 
0.0 -12.5 0.0 1.0530734000000002 0.024379074316293492 0.0 0.0 1.0 0.0
0.1 -12.62531503371845 3.694822225952521e-12 1.4167889999999999 0.0381678109668222 0.00016006631560691524 6.387316784721039e-10 5.7 0.8099999999999952
0.2 -13.005213572665582 5.684341886080802e-14 1.70189237 0.060160477479639596 0.0023833526411613736 1.4835204309985748e-13 11.2 0.9600000000000222
0.3 -13.652982293374299 0.0 2.35370326 0.13628537200754032 0.012761113185556927 5.716295605249057e-8 19.4 6.240000000000066
0.4 -14.596793285203841 1.5903237624570465e-6 3.08516035 0.4130390006061706 0.0448296742294318 0.0001460338076515271 26.6 68.03999999999996
0.5 -15.918111136055696 5.684341886080802e-14 3.49473962 0.06256094602193585 0.939694725582726 4.124456332021964e-11 32.0 0.0
0.6 -17.745242425215796 0.0 3.45419756 0.08260110351027805 0.5067441873192748 5.551115123125783e-17 32.0 0.0
0.7 -19.814853734907953 -1.7053025658242404e-13 3.78144122 0.17383123894903463 0.35405130161183895 2.7755575615628914e-17 32.0 0.0
0.8 -22.0063515146655 5.684341886080802e-14 3.39128124 0.10264595713855051 0.27009682480229685 8.268385975895853e-13 32.0 0.0
0.9 -24.250326955392744 0.00032934181717791944 2.50870337 0.37746973621324287 0.15104147850299623 0.0027930714984586123 18.0 76.0
1.0 -26.56229635682997 0.00017310026316863514 2.0648691 0.17968508799266125 0.10660982742980192 0.0012626443897469052 11.4 23.039999999999992
1.1 -28.925021448774128 0.0002192855200746635 2.1617004800000004 0.30696748715647093 0.11217932851936341 0.0013981680802429251 15.4 42.23999999999995
1.2 -31.30608762642438 0.00017440535350488062 2.20573666 0.26972435951093665 0.10245331976915244 0.0009840345389180542 14.6 39.84
1.3 -33.701097114231615 0.0001531398277165863 2.10879848 0.1426137222343824 0.08336809387142166 0.0007722347386866137 12.3 28.809999999999974
1.4 -36.11382441282622 0.00013093579605083505 1.88036442 0.10137749188391387 0.07317606686825452 0.0005948949698902353 11.6 22.439999999999998
1.5 -38.540595001084746 0.0001087687351173372 1.96169474 0.19426338933510046 0.06916595379620268 0.0004484603865168059 12.9 25.689999999999998
1.6 -40.97073175677692 9.508297830507217e-5 1.9113759399999999 0.08880059819622499 0.05406506056452996 0.00035791981888337815 9.6 19.439999999999998
1.7 -43.41485222613858 8.734463176551799e-5 1.8229363600000004 0.10558643341845286 0.052111274848223775 0.000301715104176644 9.7 14.41000000000001
1.8 -45.86527668589916 7.451625970134046e-5 1.82877109 0.16454970446090877 0.05031402315655391 0.00023731267752031236 10.2 12.960000000000008
1.9 -48.32099092107576 5.8337364862381946e-5 1.8156115700000002 0.15707328827294154 0.048653874359026725 0.00017200373966392906 11.0 12.0
2.0 -50.77328148613244 5.251041511655785e-5 1.72140013 0.10408817691981254 0.034026923725991046 0.00014386507586562993 8.1 10.89
