Gamma, E, varE, T, varT 
0.0 -25.0 0.0 8.43760773 441.76479718681634 0.0 0.0
0.1 -25.250624939103517 -2.2737367544323206e-13 1.8738140900000002 0.01949531697662632 8.424689127522302e-5 8.271806125530277e-25
0.2 -26.010315959869775 0.0 2.0515724900000003 0.04064204363238755 0.0011918338143210552 -4.235164736271502e-22
0.3 -27.30530779466506 -2.2737367544323206e-13 2.29778731 0.03742093952886094 0.0063407595541795534 0.0
0.4 -29.19248574801843 3.410605131648481e-13 3.0501425899999997 0.07189042340913865 0.02634923696090661 4.0584328127963795e-9
0.5 -31.82561949981224 3.335201597565174e-5 3.6133533 0.1338033738165052 0.37568625186583327 0.010005928583252555
0.6 -35.46764313376991 0.0006342645740460284 3.95040338 0.17010065849948752 0.39892234351397504 0.014136361656545082
0.7 -39.57948183536758 4.4224179873708636e-10 3.0043317800000002 0.06059928219676891 0.1770262953944611 0.0
0.8 -43.970180624866806 -1.1368683772161603e-12 2.78425698 0.05805116705744684 0.1350487935054788 6.938893903907228e-18
0.9 -48.50806316229775 9.094947017729282e-13 2.5616871000000003 0.038459290756537534 0.10789002853720273 3.469446951953614e-18
1.0 -53.14432822750224 -4.547473508864641e-13 2.5434213200000007 0.06188515224433022 0.08884297353168073 1.734723475976807e-18
1.1 -57.85004303992787 -9.094947017729282e-13 2.46702298 0.038940899130262885 0.07478724273764495 -1.734723475976807e-18
1.2 -62.60678389460509 0.0 2.4938611699999997 0.12675253616493531 0.06403390009672942 -8.673617379884035e-19
1.3 -67.40219426794536 9.094947017729282e-13 2.445902 0.12933450025454718 0.05557898199973462 4.336808689942018e-19
1.4 -72.22764917814911 2.7284841053187847e-12 2.24793098 0.06089758750546537 0.04878559874054229 0.0
1.5 -77.07693249095308 0.0 2.4083422500000005 0.056014296641389016 0.0432296750385217 0.0
1.6 -81.94544437360274 2.7284841053187847e-12 2.96491995 0.7160524170047236 0.03861795039502189 0.0
1.7 -86.8297045765137 0.0 2.5732174999999997 0.16195691610885365 0.03474132664222828 -2.168404344971009e-19
1.8 -91.72702940834233 0.0 3.07095133 0.8147422336570305 0.031446882096104425 2.168404344971009e-19
1.9 -96.63531504260916 1.8189894035458565e-12 2.74482292 0.1208643169066681 0.028620351073477372 3.2526065174565133e-19
2.0 -101.55288824175008 3.637978807091713e-12 2.81596404 0.04008889356394629 0.026174760909464034 0.0
