Gamma, E, varE, T, varT, dimension, vardimension 
0.0 -12.5 0.0 0.6012670200000001 0.011505036223565523 0.0 0.0 1.0 0.0
0.1 -12.625309262365104 0.0 0.96668555 0.017622967518580612 8.424069699005814e-5 0.0 2.0 0.0
0.2 -13.005101802812295 0.0 1.1435486899999998 0.12128684315121951 0.001190207353877603 -4.235164736271502e-22 2.0 0.0
0.3 -13.652305565679873 2.842170943040401e-14 0.9726319200000001 0.015391528102429386 0.006281594415351087 -6.776263578034403e-21 2.0 0.0
0.4 -14.594533844262543 2.842170943040401e-14 1.05373312 0.02001405446201754 0.02501369775079283 -1.0842021724855044e-19 2.0 0.0
0.5 -15.89501552196965 5.684341886080802e-14 0.9839924399999997 0.019920731257767055 0.11961911479370624 1.3832129885926747e-12 2.0 0.0
0.6 -17.682789690760632 4.913496297831443e-6 0.8718177599999999 0.04401922585417062 0.23905548437604868 5.822572909930379e-10 2.0 0.0
0.7 -19.761287327367864 7.628386811120436e-10 0.99180581 0.09254006740224485 0.17324064131624742 -1.0408340855860843e-17 2.0 0.0
0.8 -21.962307879697953 0.0 1.0545905700000002 0.03066892742979377 0.13363859299489939 0.0 2.0 0.0
0.9 -24.23472645168375 -1.1368683772161603e-13 0.9499984400000001 0.022948571487608094 0.10726067867855438 3.469446951953614e-18 2.0 0.0
1.0 -26.55527889073978 -1.1368683772161603e-13 1.0244969300000002 0.09541635332072973 0.08852696538637737 1.734723475976807e-18 2.0 0.0
1.1 -28.909950416953734 -3.410605131648481e-13 0.91955247 0.023310082996104264 0.07461456081981939 -1.734723475976807e-18 2.0 0.0
1.2 -31.289747892730258 1.1368683772161603e-13 0.81848483 0.04270187606541209 0.06393326557943382 8.673617379884035e-19 2.0 0.0
1.3 -33.68861359376922 2.2737367544323206e-13 0.9974418999999999 0.027507372789392415 0.05551726950694781 0.0 2.0 0.0
1.4 -36.102307985062296 0.0 1.0542913600000001 0.06258008387275416 0.04874615028319357 4.336808689942018e-19 2.0 0.0
1.5 -38.52777034341617 0.0 0.8250861 0.0022597809333497754 0.04320357079697813 0.0 2.0 0.0
1.6 -40.9627331481469 0.0 0.92109855 0.040121700026946705 0.038600162130407394 0.0 2.0 0.0
1.7 -43.40547937391483 1.1368683772161603e-12 0.9164026 0.032255061184376155 0.034728895307033644 2.168404344971009e-19 2.0 0.0
1.8 -45.85468419354582 0.0 1.07015542 0.0369810754678952 0.03143800143147526 4.336808689942018e-19 2.0 0.0
1.9 -48.30930856878926 -4.547473508864641e-13 0.90828358 0.01894429492292371 0.02861388313367728 0.0 2.0 0.0
2.0 -50.76852583648979 -4.547473508864641e-13 0.9396203399999999 0.024856276078640493 0.02616996875053792 0.0 2.0 0.0
