Gamma, E, varE, T, varT, dimension, vardimension 
0.0 -5.0 0.0 0.21491232 0.00014390075292560617 1.5854431809525551e-13 2.262267072026061e-25 1.1 0.08999999999999986
0.1 -5.050126269922869 -7.105427357601002e-15 0.38795772 0.013704861287103576 0.11139850285439674 0.05034119551612663 10.3 8.009999999999977
0.2 -5.202085431133727 0.0 0.64931595 0.0392504387403545 0.12159684570472566 0.023538182223454305 20.3 29.00999999999999
0.3 -5.461192924966442 1.4210854715202004e-14 1.49730745 0.07251675670071611 0.030196620709381106 0.0013351923735855007 39.5 15.450000000000045
0.4 -5.839162815571258 7.511872013310494e-9 33.861681520000005 10.700281035811031 0.3605469632629622 0.07010180336783198 546.5 1979.0499999999884
0.5 -6.372747421591162 -7.105427357601002e-15 21.639115900000004 115.15444135794428 0.7871784230403753 0.0 76.9 7.289999999999054
0.6 -7.098689999169791 1.4210854715202004e-14 7.9555792 2.241464405657176 0.5086542529675919 -5.551115123125783e-17 68.0 0.0
0.7 -7.925980491116792 -7.105427357601002e-15 4.03403573 0.3698815763402905 0.3543765404348106 0.0 56.0 0.0
0.8 -8.802544006830967 4.263256414560601e-14 3.2091217199999997 0.22845693548201496 0.27013001974119166 1.3877787807814457e-17 48.0 0.0
0.9 -9.709021905302146 1.4210854715202004e-14 2.71047124 0.5010791645545662 0.21578382278282632 1.3877787807814457e-17 41.0 0.0
1.0 -10.635444153459563 4.263256414560601e-14 2.05769761 0.12089363092679672 0.1776864710563936 0.0 36.0 0.0
1.1 -11.575931962384185 0.0 1.5743554400000002 0.07498144899628967 0.14957457150095688 3.469446951953614e-18 31.0 0.0
1.2 -12.526748229642518 0.0 1.40815448 0.08410347910430338 0.12806781651034643 3.469446951953614e-18 29.0 0.0
1.3 -13.485388848976086 2.842170943040401e-14 1.1321751100000002 0.021846633533240567 0.11115796750515353 0.0 25.0 0.0
1.4 -14.450106993434579 8.526512829121202e-14 1.0890883599999999 0.04515734178935249 0.09757119832008944 0.0 24.0 0.0
1.5 -15.419644251926565 -2.842170943040401e-14 0.9419438899999999 0.020317499429740926 0.08645935029704568 -1.734723475976807e-18 24.0 0.0
1.6 -16.393069726370292 1.1368683772161603e-13 0.9282484100000001 0.01675751453074259 0.07723590085218389 0.0 22.0 0.0
1.7 -17.369679274142353 0.0 0.7735703899999999 0.009367152494124897 0.06948265330260697 0.0 19.0 0.0
1.8 -18.348930025292713 0.0 0.7752088400000001 0.011707203911588193 0.06289376419765007 0.0 18.9 0.09000000000008868
1.9 -19.330396476549616 -5.684341886080802e-14 0.7262961099999999 0.010469486242174919 0.05724070214763155 4.336808689942018e-19 18.4 0.24000000000006594
2.0 -20.31374025705503 -1.7053025658242404e-13 0.7222416899999999 0.018603215822804997 0.05234952181860555 0.0 18.1 0.08999999999991815
