Gamma, E, varE, T, varT, S, varS, dimension, vardimension 
0.0 -4.000000000000002 -3.552713678800501e-15 0.15630676500000004 0.00039834393428526266 2.5920803543929748e-9 1.2702971212778778e-16 1.2 0.16000000000000014
0.05 -4.010006265686341 -3.552713678800501e-15 0.30412418500000005 0.0012797396624862206 0.19387447128498803 0.05815031886589315 9.95 5.347500000000011
0.1 -4.040101015938248 0.0 0.29406515 0.0007968686602304875 0.22464836292118612 0.046091776023046815 12.85 0.4275000000000091
0.15 -4.090518059652389 0.0 0.36712175999999996 0.004383617148297464 0.1959338676128665 0.062084313503439854 19.55 12.747499999999945
0.2 -4.161668344931151 0.0 0.430833275 0.005674407934082859 0.2567582514420588 0.06711443817799151 22.6 13.239999999999952
0.25 -4.2541775998113724 3.552713678800501e-14 0.59687932 0.0051002220616696015 0.14532315875778268 0.04913354305103013 32.0 23.700000000000045
0.3 -4.368955056501424 9.602985073797754e-12 1.1498516600000002 0.02122920533918715 0.12841165117438808 0.04496569698286148 60.7 37.809999999999945
0.35 -4.507348477698185 1.1977725478118373e-9 2.729165655 0.10271075964353837 0.25831549537312104 0.07065189899316525 160.45 367.3475000000035
0.4 -4.671839607518924 1.3624685379909351e-8 3.074473805 0.32605749042607 0.6896687336034403 0.018642864666323422 154.05 2425.1474999999955
0.45 -4.867221101950229 0.0 2.610603565 0.373340358279048 0.7756359089031832 2.7559177162572723e-11 75.5 773.75
0.5 -5.101148618689153 -1.0658141036401503e-14 2.134220600000001 0.18449871554650077 0.7500553972723849 2.220446049250313e-16 60.0 0.0
0.55 -5.375452990966342 -1.4210854715202004e-14 1.648558375 0.09225638228772448 0.6307232995356211 2.220446049250313e-16 58.0 0.0
0.6 -5.679869211664724 7.105427357601002e-15 1.37534498 0.035491790675166834 0.5080241359147168 -5.551115123125783e-17 55.0 0.0
0.65 -6.0037689396132325 7.105427357601002e-15 1.366819035 0.05584191926189308 0.41877010281211213 2.7755575615628914e-17 51.0 0.0
0.7 -6.340922629145507 0.0 1.1586424199999996 0.03885603060764775 0.35503250998114655 2.7755575615628914e-17 48.0 0.0
0.75 -6.687768440941349 -1.4210854715202004e-14 1.154629185 0.05085639590333568 0.3074055275717823 1.3877787807814457e-17 45.0 0.0
0.8 -7.042057614770559 2.1316282072803006e-14 1.0584244900000002 0.015449656717176685 0.2702770876064686 -2.7755575615628914e-17 43.0 0.0
0.85 -7.402247781876599 1.4210854715202004e-14 0.9295573899999999 0.015778082486628042 0.2404072892894027 2.7755575615628914e-17 40.0 0.0
0.9 -7.7672217548705635 -4.263256414560601e-14 0.9101075849999999 0.025414008223044626 0.21581432362887343 6.938893903907228e-18 38.0 0.0
0.95 -8.136140291542015 1.4210854715202004e-14 0.8684007100000002 0.02514179364546365 0.1952058363200985 6.938893903907228e-18 35.0 0.0
1.0 -8.50835624817367 0.0 0.8045670599999999 0.009580532146201692 0.17769331446851483 6.938893903907228e-18 34.0 0.0
1.05 -8.883360473449518 -2.842170943040401e-14 0.7014243200000001 0.005367318270483479 0.16264032462273278 3.469446951953614e-18 32.0 0.0
1.1 -9.260745800392902 0.0 0.6275547999999999 0.011528549171877123 0.14957627138138926 1.0408340855860843e-17 30.0 0.0
1.15 -9.640182126214054 -2.842170943040401e-14 0.557935495 0.0010870092119045771 0.13814431499640284 -1.3877787807814457e-17 29.0 0.0
1.2 -10.021398647937904 4.263256414560601e-14 0.5710504650000001 0.008176784147168048 0.12806828268035275 0.0 27.0 0.0
1.25 -10.404170898196877 5.684341886080802e-14 0.52031732 0.0011604780378756674 0.11913076270804923 -5.204170427930421e-18 25.0 0.0
1.3 -10.788311098897008 -5.684341886080802e-14 0.542348845 0.006193075933349446 0.11115810741081052 -6.938893903907228e-18 24.0 0.0
1.35 -11.173660864261091 1.4210854715202004e-14 0.4835348400000001 0.0007940944852483367 0.10400987835027461 1.734723475976807e-18 24.0 0.0
1.4 -11.56008560133068 0.0 0.49174198 0.0024472855349096656 0.09757124383073335 0.0 24.0 0.0
1.45 -11.947470158273271 -5.684341886080802e-14 0.5020088 0.005745807812748971 0.0917473938034897 0.0 24.0 0.0
1.5 -12.335715403906372 -2.842170943040401e-14 0.486813855 0.001592915901315467 0.08645936620031733 1.734723475976807e-18 23.0 0.0
1.55 -12.72473551154458 -2.842170943040401e-14 0.47364612 0.000599525190803557 0.08164088101322955 3.469446951953614e-18 23.0 0.0
1.6 -13.114455782002446 5.684341886080802e-14 0.490879965 0.005991969620885329 0.07723590677535475 -1.734723475976807e-18 22.0 0.0
1.65 -13.504810883834143 -2.842170943040401e-14 0.44084453999999995 0.00101691828848946 0.07319676771158574 0.0 21.0 0.0
1.7 -13.895743419681457 -8.526512829121202e-14 0.40958756499999993 0.0004357427549093462 0.06948265563770271 1.734723475976807e-18 19.0 0.0
1.75 -14.28720274983677 5.684341886080802e-14 0.3998143350000001 0.0006229878756021656 0.06605844867123234 -8.673617379884035e-19 19.0 0.0
1.8 -14.679144020391059 0.0 0.40580653999999994 0.005033149953386468 0.06289376516658202 0.0 19.0 0.0
1.85 -15.071527355375006 -1.4210854715202004e-13 0.40258956 0.0017377094689454142 0.05996219987041963 0.0 19.0 0.0
1.9 -15.464317181309747 -8.526512829121202e-14 0.38705671500000005 0.0001674678993042189 0.05724070256943066 -8.673617379884035e-19 19.0 0.0
1.95 -15.857481659385044 0.0 0.38675257499999993 0.0010357786261499247 0.05470906914436389 -1.734723475976807e-18 19.0 0.0
2.0 -16.250992205676642 -5.684341886080802e-14 0.37692599 0.0005608830703238976 0.05234952200988528 1.3010426069826053e-18 18.95 0.04750000000001364
