D   Time  var(Time)  
D   Time  var(Time)  
100  0.00021760999999999994  2.5507859573080606e-5

200  0.00277597  0.006877010876398262

300  0.0011640300000000001  0.00018461169545833222

400  0.0027321000000000003  0.000225992154731088

500  0.00700272  0.0015622616047256616

600  0.010330579999999999  0.0014164921495017188

700  0.01614391  0.001260943211607882

800  0.02230055  0.001982186053956591

900  0.027461560000000003  0.0025378009315941237

1000  0.04311875  0.015918533957136254

Total= 0.13324778
Varianza= 0.020741242059288543

