Numero de qubits: 20 
Layer   Time var(Time)
1  0.13119077499999995  0.34343675962271686
2  0.04694784  0.09168762591864509
3  0.016340525000000005  0.003603103232197906
4  0.020529930000000005  0.015182547309858782
5  0.05587367  0.08687261838838577
6  0.054945144999999994  0.026948402337865506
7  0.176461905  0.1344058513354031
8  0.33603312500000004  0.03587448205221749
9  1.24750555  0.20905855859833028
10  3.7494794399999996  0.4499290470508038
11  9.410491005  0.9297227272415788
12  6.1109056299999995  0.41939112280455243
13  9.032564769999999  0.3284929820630452
14  5.964361439999999  0.3561275272494439
15  9.06468557  0.44203004061696993
16  6.03821336  0.3066770674690356
Total= 51.45652967999998
Varianza= 2.3123439493348377

Numero de qubits: 21 
Layer   Time var(Time)
1  0.018041060000000005  0.0055277581325886525
2  0.05823482  0.10008230021427166
3  0.01750337  0.0041871767684324
4  0.020142575  0.006243106115858915
5  0.043609724999999995  0.07134141976419361
6  0.09161736000000001  0.09723388205782181
7  0.14524588  0.06638406502034658
8  0.34409710000000004  0.025131265538607478
9  1.296932115  0.19827801511946622
10  3.9383718550000006  0.13093281900394377
11  10.890261595000002  0.38797403762711163
12  14.513518215  0.5037744060234245
13  13.817173749999995  0.22871536465300385
14  14.367317395  0.35332741911141063
15  13.908011425000002  0.39267123960290484
16  14.524812685  0.8217798851204531
Total= 87.99489092500004
Varianza= 1.4520185028815038

