0.00645030291847567
0.00628701478754487
0.00612436181683448
0.006020957235378546
0.005905858825415296
0.0058507989991391915
0.005782296710641555
0.005765942918662269
0.005645617502497666
0.005551112403248156
0.005515000475823634
0.005423489841237598
0.005375337732996062
0.005366286234711396
0.005324936082539352
0.005262489610329434
0.005234186649080791
0.005193852467785238
0.0051244617214448555
0.005093198243803023
0.0050197280554603145
0.0049740217516527655
0.004947269664159645
0.004893382657865896
0.004851407148761798
0.004774158191445433
0.004753880997464714
0.004717597710569722
0.004681543364601373
0.004654617555437823
0.004614223074006216
0.0045832736210975
0.00452301148975999
0.004496941073239964
0.004459433911824528
0.004438750546862105
0.004398152952310204
0.004353716135634357
0.004327380695012492
0.004296362633238947
0.004276288421040027
0.004257701816701029
0.004238583558265406
0.004184408301776327
0.004162497767206314
0.004134960591506832
0.004102573083723385
0.004054340711092688
0.004039028882465402
0.004024767304510694
0.004007461317928991
0.003978944447715167
0.003933366393215386
0.0039153726814774555
0.003869629635973194
0.0038588035208052345
0.0038180848092409605
0.0038142388152854483
0.003783163288713097
0.0037681114983594026
0.0037368309950764813
0.003729876567268606
0.0036999186456669673
0.0036608689059278005
0.003646997965230325
0.003632888522318403
0.003610126744610107
0.0035686639272051214
0.0035558691282973494
0.003532140972053567
0.003512717259533799
0.003497233336373269
0.0034838541277816713
0.003463967016118458
0.0034399795266023795
0.0034130601536014565
0.0033859433834571248
0.0033686259992537076
0.0033632627883521463
0.0033388949848152834
0.003317722916325106
0.0033074901304459333
0.003294538487796575
0.003275113644013323
0.003239407045587229
0.003220327127497504
0.003194270667010744
0.003190532230755892
0.0031728021332828905
0.0031511683480032813
0.003133205533038498
0.0031184968888745297
0.003103862815548315
0.003083453248033556
0.0030690815970097164
0.0030551680471961715
0.003027982176849829
0.0030223029733445076
0.003002099099283288
0.002975412510514727
0.0029699851654577743
0.0029514357292590152
0.002939173671503436
0.0029204783309237986
0.002908469192466045
0.0028918996718795987
0.002872492561558246
0.002855553531666765
0.002837725260993066
0.0028288503535308616
0.002809604412690882
0.0027817386082069078
0.00276921117143435
0.002763783279779564
0.002742519853588414
0.002726289017852346
0.0027130908889927054
0.0026941519228271546
0.0026839189288411593
0.0026740374053274415
0.0026638650564844036
0.00264665068688354
0.002633546147274863
0.0026283646999424926
0.0026071981732804753
0.002594194986630349
0.0025804248528428966
0.0025704370701554926
0.002557482130224252
0.002537712087832866
0.0025268807360269044
0.0025145202320115477
0.0025123122187936517
0.0024962376315223467
0.002485970522547359
0.002470011614956594
0.0024603770549330266
0.0024476695145888
0.0024317587157837803
0.0024213621543787613
0.0024046130445534142
0.0023935478274737004
0.0023893129972517814
0.0023589664258089273
0.0023549355986228365
0.002341775393574299
0.002325616187526038
0.00231298905118914
0.002303057362838121
0.002287085195594537
0.0022771990010498106
0.00226248121796574
0.0022545842599234088
0.0022422053000118523
0.002230806331616741
0.002217488108205503
0.002202531879248641
0.002182874079111498
0.002173907199001174
0.0021679753105177703
0.00215233042703333
0.002145063227649717
0.002131976419866831
0.0021167421843939125
0.0021065608368595018
0.002096680423684085
0.002088379143717492
0.0020787110782659905
0.0020735025427990493
0.0020623960615892183
0.0020577963337998933
0.0020411526845939714
0.0020268780030211373
0.002017785367183653
0.0020058814970494634
0.0019973518410699447
0.0019888957482065584
0.001977758350427537
0.0019722334001291285
0.001957695989125259
0.001951391865374674
0.0019442802352831142
0.0019311265043449421
0.0019222175008837502
0.0019154032136484806
0.0019064943997692766
0.0018932861941608724
0.001886873378114526
0.0018780086084443294
0.0018713459576406863
0.0018561889782148767
0.0018501753614901814
0.0018411712351689745
0.0018334852850484748
0.001826441683121248
0.0018171930077991699
0.0018109004038924245
0.001800299576180499
0.001783621605563718
0.0017766413500596757
0.0017623874313427129
0.0017567916855984172
0.0017513693923556753
0.0017440406816241628
0.0017363586454968714
0.0017311863467390763
0.0017243984298597735
0.0017108027976291049
0.0017018019826504887
0.0016951377057732137
0.001691323005737276
0.0016826976108544522
0.0016800044299087398
0.001671223117149142
0.0016626376550186372
0.0016545319402625764
0.0016476922008700217
0.001636180558925471
0.0016285840784020548
0.0016205186147652299
0.0016155490339434752
0.0016070368262757987
0.0015990415703540932
0.0015936795792505225
0.0015847961501528635
0.001574899262497127
0.001570875877211981
0.0015597586840378611
0.001554156713541408
0.0015434704100330027
0.0015350294255361114
0.0015296555644126126
0.0015199309746100243
0.0015157833299339148
0.0015059025144796017
0.00149976561153751
0.0014938569950294228
0.0014893186809309667
0.0014824112758860203
0.0014743495930336567
0.001464358829306243
0.0014599089808471158
0.0014492522640347965
0.0014415116418340706
0.0014329288058518167
0.0014255241810254217
0.001415277974797664
0.0014097755711726693
0.0014049742474202573
0.001395879060694312
0.0013918234459832722
0.0013868971206022888
0.0013815649559848107
0.001373009641310659
0.001370912832402592
0.0013663065381397178
0.001355276698131888
0.0013535056956415807
0.001344028948624734
0.0013331799582369265
0.0013254423793461591
0.0013207933711683636
0.0013179671264943336
0.001313119777667197
0.0013066252314984559
0.0013015233984184026
0.0012960507411488554
0.001289635396125859
0.0012830228819895814
0.0012756638864772508
0.0012732643856071086
0.0012699684335081307
0.0012612356538903825
0.0012528082397629224
0.0012476126417213457
0.0012440602872546263
0.0012369255349245255
0.001233539596064451
0.0012263982622479806
0.001218055888989445
0.0012122977192932948
0.0012081807400622264
0.001203341507058683
0.0012014119621924374
0.001193619026089871
0.0011886051989016169
0.0011858632429869033
0.0011791484681691875
0.0011741909821068608
0.0011667174747150726
0.0011618982071099745
0.0011554307638414539
0.0011515461796344714
0.0011416435185145914
0.0011377192754715283
0.0011318519249365183
0.0011258530835577328
0.0011251811235281333
0.001118739544265085
0.0011132513409522011
0.001107364757785705
0.001104181899891333
0.0011009329027743503
0.001090726579342787
0.00108821731113795
0.0010797056726656593
0.0010745644209046166
0.0010706243525825604
0.0010653878151461794
0.001060764117376251
0.001057210997927811
0.001052781075146077
0.001047663507367507
0.0010437127206916494
0.0010389141734091789
0.0010325979937459199
0.001029011147463552
0.0010211445532356598
0.0010167462948470467
0.0010129459282097952
0.0010090347471153108
0.0010019414483809234
0.0010004801785333908
0.0009932712075084755
0.0009899320288688368
0.000982573137051164
0.0009778516282503947
0.0009728810667624511
0.0009687236236061187
0.0009628415401176992
0.0009605952075844461
0.0009567876417460187
0.0009508455125534302
0.0009486896133658241
0.0009453601909242052
0.0009419321992996568
0.0009346180366412132
0.000931583354945276
0.0009255556244244334
0.0009202389283125129
0.0009147050140505018
0.0009130284311452991
0.0009077586813656666
0.0009055642221363406
0.0009023064472961058
0.0008970215036374498
0.0008958708932144458
0.000892010156208851
0.0008866940789257342
0.000879939031101503
0.0008760454636534277
0.0008722174948418257
0.0008687888509919801
0.0008650318353764057
0.0008583233172931283
0.0008553658731936514
0.0008497905506730779
0.0008446129138779107
0.0008406551748156049
0.0008389654263666313
0.000834260642416686
0.0008317900354972207
0.0008258927036353117
0.0008250155672247466
0.0008190060387069403
0.0008146102818595943
0.000811480277398667
0.0008077052012068896
0.0008032972982821782
0.0008017054703007724
0.0007985813824711206
0.0007938158498303687
0.0007905522915109535
0.0007869479077979029
0.0007842562497057248
0.0007796254691514795
0.0007768298621208676
0.0007732428153677237
0.0007693932087262367
0.0007661867092442864
0.000761175615107099
0.0007579341043073259
0.0007556380854657294
0.0007523792147142333
0.0007493575496039127
0.0007437481877683439
0.0007429061349870176
0.0007363141579838365
0.0007325120665825242
0.0007280779692973845
0.0007251368799786252
0.0007235472567145296
0.0007201390911183931
0.0007169967178461657
0.0007156040214068138
0.0007082387080421521
0.000705388496339408
0.0007025418734557915
0.0006968730449858168
0.0006956710836041059
0.0006907752385880682
0.0006884226193574144
0.0006850511125524978
0.0006828584573470439
0.0006774547534165439
0.0006751375348900895
0.0006738980380648871
0.0006729365179488233
0.0006671210618533111
0.0006623660351805497
0.000660945347853016
0.0006573761320884646
0.0006568245019645975
0.0006535576400882777
0.000648689458219341
0.0006449338863244132
0.0006434080255146378
0.0006396050464048492
0.0006379154029822838
0.0006319286656602036
0.0006288103684711356
0.0006226061086079343
0.0006214275517637144
0.0006190966533590799
0.000615234146463766
0.00061363105469898
0.0006096564021051305
0.0006089193597417546
0.0006033139690796073
0.0006026260469866168
0.0005987239487582952
0.0005963510696308183
0.00059201953847468
0.0005886040355205681
0.0005866735984738674
0.000585087082209298
0.0005828313706822427
0.0005790420749583078
0.0005758865525462665
0.0005726145395992866
0.0005689291061263545
0.0005649775809518955
0.0005635729264395451
0.0005623317316584785
0.0005590845060864147
0.0005547185035728682
0.0005526845797746053
0.0005513661490433765
0.0005467466301479875
0.0005446546199395754
0.0005426606265391338
0.000537667960402412
0.0005339710848476208
0.0005324831176472215
0.0005304761081245416
0.0005275434586764268
0.0005265635825288719
0.0005232195874872868
0.0005208251428838709
0.0005182446238874667
0.0005174524953945659
0.0005135829576321699
0.0005122504717555322
0.0005095369376271094
0.0005051298275908894
0.0005033249862998199
0.0005008719250705459
0.0004977281583551041
0.0004945202636747911
0.0004917385162395408
0.0004895500039849932
0.000487641117985346
0.0004866996306407171
0.000484520847273164
0.0004813821801502163
0.00047912975647844235
0.00047703829147161816
0.0004756731790310491
0.0004732698566150135
0.0004717828418196208
0.00047070760677831477
0.0004675706983723767
0.00046401343481930165
0.0004613962779075352
0.0004608219107495502
0.0004584578581879892
0.00045720749555413327
0.00045372043430630084
0.00044949421363532584
0.0004480101842939635
0.00044739928778051135
0.0004452330645272806
0.00044255282439058696
0.0004377510615765771
0.0004352837057192784
0.00043287396650118585
0.0004317691636838491
0.0004294417432324461
0.0004248053573487215
0.0004242976037923064
0.00042182565535209737
0.00041973633018221727
0.00041685294156621177
0.0004154058899605077
0.0004131417279539614
0.00041119514728574317
0.0004087114309670192
0.0004072333420265383
0.00040558184961884887
0.00040369057968217954
0.0004013542485355911
0.00039932195510472324
0.00039676752322852845
0.0003955674439661828
0.00039464155267597393
0.00039161435618466513
0.0003893100757750386
0.00038840013233747334
0.00038507453271488604
0.0003837785518922769
0.0003812587318700975
0.00037991769522757295
0.0003785263941707875
0.00037608480621973073
0.00037321693127676696
0.00037088875106210345
0.0003679391724633267
0.00036665168872207385
0.00036520632950737383
0.0003637523324624807
0.0003617718468208366
0.0003602277446681048
0.00035788541645797364
0.00035623104257778606
0.00035481524234871214
0.0003524291066967743
0.0003522337224294547
0.0003497633259133523
0.000348667366345917
0.0003454115340197698
0.00034480722521926254
0.0003424738214383343
0.0003412517305181005
0.00033700119291247817
0.0003360291766698145
0.0003346447122724182
0.0003336085752734678
0.000332236907051938
0.0003296406619304284
0.0003281840229287147
0.00032500659505432447
0.00032355287106034046
0.0003227891578774055
0.0003204349426152362
0.0003185101404086602
0.0003178722031476608
0.00031506618746883453
0.0003130998707172972
0.0003108413092101559
0.0003091088134942855
0.000308325269857762
0.0003062833622937924
0.0003040783402931268
0.000303109311973908
0.00030075030193457036
0.000299917928260612
0.00029855927650559885
0.0002956487550976833
0.0002947982836705158
0.0002933131733167426
0.0002925193685986112
0.0002905048373112561
0.0002890196272896538
0.00028654776868933935
0.0002857295572903606
0.00028356669058819613
0.0002827227176704216
0.0002805642699218484
0.00027978918788868623
0.00027770318572093827
0.00027673182755266035
0.0002748096554694058
0.00027165976520175254
0.0002708396292123245
0.0002693146757358858
0.00026829026467205025
0.0002675362875121031
0.00026534418280392156
0.00026406666519906437
0.0002629499985624558
0.00026140623220576503
0.0002600788995172149
0.0002582511644905315
0.00025643549893923585
0.00025533443669406445
0.0002539162274053993
0.0002527134105098366
0.0002522827221499986
0.00024992974413765625
0.0002480092627116595
0.0002470507801469638
0.00024448630787337483
0.0002437776567799271
0.0002415072596699695
0.00023949408596273336
0.00023846623808090019
0.00023787803072333353
0.0002365938085017065
0.00023507550350395742
0.00023339145959319703
0.00023213741768230212
0.00023160985831551336
0.00022867224151100024
0.00022737115131953956
0.00022661592598008417
0.0002244737269382521
0.00022303717395569315
0.00022184062906859886
0.00022095342386314003
0.00022018339598686514
0.00021909121825643962
0.0002173181557738705
0.00021586698266567593
0.00021431293455576703
0.00021343099480878238
0.00021152085053823517
0.00021058119632632325
0.0002092641822203754
0.00020857592717142147
0.00020757523748437
0.00020567513872614835
0.0002052181568662266
0.00020347186637144793
0.00020242709932452978
0.00020150484030916524
0.000199895743010765
0.00019901822327239246
0.00019726940306767974
0.00019586744386387172
0.00019511249876365096
0.00019473073150918173
0.00019276444954076507
0.00019217896232430755
0.00019145379874802027
0.00018869836291896422
0.0001878865699151246
0.00018659631381275288
0.0001854501983281596
0.00018473103939505736
0.00018387071602526245
0.00018253249875343908
0.00018106508700634316
0.00017976300441268356
0.00017895113509470243
0.00017815856524580175
0.0001770865955735296
0.00017597462351778446
0.0001757031067907602
0.0001741667685295305
0.00017247603895681466
0.00017180995993282418
0.00017041786929924136
0.00016954692125877268
0.00016898128270578162
0.00016730038437600653
0.00016590005875731438
0.0001640748522746828
0.0001639423450113953
0.00016166164954172172
0.00016098929666565816
0.00016040716742345856
0.0001585129361697691
0.0001578780271500335
0.00015615569187153375
0.00015574773884529275
0.00015494865782061495
0.00015394950582594738
0.00015337337982662395
0.00015136051866131606
0.0001510863989693425
0.00015031596154502816
0.00014945320902395257
0.00014826875980403125
0.0001470714567479706
0.0001459193390628656
0.00014521392128402264
0.00014442276625173476
0.00014362127870275147
0.00014258628119854724
0.00014170015522654657
0.00014081686444521058
0.00013995378565465253
0.00013893873062563225
0.00013826771882992868
0.00013706417117973933
0.00013617524540273615
0.000135275514900042
0.0001340675408878307
0.00013261467027949808
0.00013193548364323556
0.00013102876666552167
0.00012944599832521926
0.000128904146623823
0.00012783935523702993
0.00012729339387500488
0.000126965146203863
0.00012501429594477566
0.0001244760641399707
0.0001241091787985613
0.00012269703420350158
0.00012215656489653396
0.00012150634955818731
0.0001202171580225189
0.00011967099114762407
0.00011926381504517019
0.00011793338405827505
0.00011757277420006267
0.00011649165024190137
0.00011573757797554098
0.00011440132665081763
0.00011378401445045612
0.00011332245222648121
0.00011194549537216756
0.00011168701265776206
0.0001110804488463045
0.00011060820862232624
0.00010978759557224497
0.00010838134743061227
0.00010739578634117231
0.00010645520335789256
0.00010601965602536577
0.0001046977898338578
0.00010425801416909931
0.00010346736731150896
0.00010272482991516212
0.00010236505407141268
0.00010132167836837458
0.00010052071625777739
9.96631905641013e-5
9.874817816318092e-5
9.79929209375754e-5
9.740587505488956e-5
9.692447760237125e-5
9.574250567590715e-5
9.514350856463139e-5
9.392290311337544e-5
9.265039985853561e-5
9.205090306449233e-5
9.167954352956183e-5
9.108949021101518e-5
9.025166269039106e-5
8.976482320478437e-5
8.90503651880592e-5
8.868992894859196e-5
8.744629209519283e-5
8.717486433851897e-5
8.626945818104906e-5
8.524095084727641e-5
8.496370776539411e-5
8.463706642910065e-5
8.35622353644356e-5
8.269994605943743e-5
8.165796410910598e-5
8.106893166157827e-5
8.078714892514199e-5
7.968324486973911e-5
7.96212891541537e-5
7.87909091274761e-5
7.81528349572013e-5
7.715299847230826e-5
7.675948745273805e-5
7.635457784472904e-5
7.553199514379618e-5
7.480969353701599e-5
7.450771393624026e-5
7.329563062072783e-5
7.288657566768514e-5
7.251145525641165e-5
7.179418170981253e-5
7.119255801796809e-5
7.022423160007192e-5
6.978087115331523e-5
6.930764385999844e-5
6.853223505640235e-5
6.793584900994643e-5
6.680083808571569e-5
6.60742924868674e-5
6.594386943412416e-5
6.525276966426853e-5
6.4869652937691e-5
6.429517504629547e-5
6.350019437728281e-5
6.26457612755625e-5
6.233110165441615e-5
6.188558832397398e-5
6.152844853205436e-5
6.0945343606740005e-5
6.0205489456579166e-5
5.979060347142454e-5
5.930633460677876e-5
5.868019765488463e-5
5.7851404130843054e-5
5.7047124737153445e-5
5.67134919871969e-5
5.565596603331253e-5
5.5397059666262096e-5
5.50692220006649e-5
5.457425597821933e-5
5.3946270193289876e-5
5.34089416369385e-5
5.3115280909140806e-5
5.2557048690447045e-5
5.213218806561774e-5
5.175313774481763e-5
5.0709913253413436e-5
5.0414090687399175e-5
4.9976230424611545e-5
4.9621260771716576e-5
4.9162961863518604e-5
4.845573474903389e-5
4.7959913178693943e-5
4.717138002044533e-5
4.672348094357201e-5
4.619339007564326e-5
4.566533349564165e-5
4.527950378284455e-5
4.4924996330674104e-5
4.4559738469993256e-5
4.4050771344750076e-5
4.3587846580442584e-5
4.336148394173594e-5
4.2811578387607056e-5
4.261094594545779e-5
4.1784229405885284e-5
4.1645785657406176e-5
4.0952582163846674e-5
4.040657474869114e-5
3.989438957588593e-5
3.947451667378233e-5
3.9050065798381406e-5
3.881144711811861e-5
3.838806250401066e-5
3.7709179405085244e-5
3.734171738672804e-5
3.689233524903725e-5
3.644754840213038e-5
3.6187365396890084e-5
3.5730423187856325e-5
3.5479342041472386e-5
3.47636738043367e-5
3.447588226722805e-5
3.392830480045244e-5
3.362461306361047e-5
3.321488987170956e-5
3.271896908993134e-5
3.24027695434016e-5
3.194104091758786e-5
3.169589240496811e-5
3.1172240191895296e-5
3.084233706275396e-5
3.0559920590370756e-5
3.0275959964636276e-5
2.981181181193768e-5
2.945207528870217e-5
2.9023767701957655e-5
2.8662454717357393e-5
2.8248785050762287e-5
2.8087107472439938e-5
2.757774304029899e-5
2.6879532698768385e-5
2.67898990375159e-5
2.644881752869916e-5
2.5994600938037717e-5
2.578145749859484e-5
2.512429592192733e-5
2.468716323923171e-5
2.4621940915227568e-5
2.4426155558154397e-5
2.3676008773650143e-5
2.3505947654868883e-5
2.337799276761967e-5
2.312756657586376e-5
2.2344124043453296e-5
2.2155683736416342e-5
2.1938278323352455e-5
2.16684995388194e-5
2.1439579677318725e-5
2.1351437897386493e-5
2.1067199128970478e-5
2.0549923512761312e-5
2.028437826011426e-5
1.9963694496542826e-5
1.943189798044388e-5
1.9213200203224462e-5
1.8870336587267675e-5
1.8353450113733936e-5
1.81094080152082e-5
1.7844604241491326e-5
1.7551779995251725e-5
1.7223775846119145e-5
1.6798785146985927e-5
1.672832990354097e-5
1.6457706436660456e-5
1.619791916315311e-5
1.6046574894956813e-5
1.5808054657907068e-5
1.5573717037246742e-5
1.5209463839040008e-5
1.4857027468739296e-5
1.4674930066062132e-5
1.42376848879815e-5
1.4166076880139751e-5
1.3860115988402791e-5
1.3748798477385208e-5
1.3478499428166087e-5
1.3212147263968128e-5
1.2969349158201054e-5
1.2580495407625643e-5
1.2511758195941106e-5
1.2298599915843176e-5
1.1977051160851889e-5
1.1691635027417134e-5
1.1539809806599362e-5
1.1452078574323932e-5
1.1165675542686739e-5
1.0916855622326662e-5
1.0622897239712145e-5
1.0329191966354492e-5
1.015561802705746e-5
9.987681518525278e-6
9.771596725733307e-6
9.57716292053626e-6
9.420856143988352e-6
9.161060542486168e-6
8.89809293586104e-6
8.71265044890144e-6
8.351244408122201e-6
8.241519616203255e-6
8.02513563415806e-6
7.814205847025621e-6
7.710315737655578e-6
7.6212350149870095e-6
7.397939744033165e-6
7.270190321835247e-6
7.059389596958018e-6
6.905966303697376e-6
6.61472518458471e-6
6.4112235980783285e-6
6.263699107231313e-6
6.129097774538746e-6
6.035507619111507e-6
5.771680924379441e-6
5.6147920494325715e-6
5.510712389145481e-6
5.439108130130524e-6
5.266074040840872e-6
5.120831936011283e-6
4.914940616672045e-6
4.7673694263361375e-6
4.548257515481514e-6
4.487594792592783e-6
4.307021761452024e-6
4.151648874291069e-6
4.067888953685639e-6
3.879214447326513e-6
3.7204730442094914e-6
3.581749218680832e-6
3.4417113431535804e-6
3.3330309213586726e-6
3.211269198718686e-6
3.15163443585145e-6
3.039630713876076e-6
2.9150230982324968e-6
2.798009486933706e-6
2.7368684333576746e-6
2.59293336759206e-6
2.4970831271060312e-6
2.4167295148991134e-6
2.2579869788125682e-6
2.174044509140731e-6
2.107787069247473e-6
2.0241608554098564e-6
1.8494902397517753e-6
1.8130802886360838e-6
1.79363685219046e-6
1.6440300880393251e-6
1.6000765407960117e-6
1.5019966687660108e-6
1.4451245363878776e-6
1.367771479408609e-6
1.234874375441222e-6
1.1607849363431076e-6
1.1280652493314473e-6
1.058438644225626e-6
9.844849559615484e-7
9.195819667050782e-7
8.693646855121165e-7
7.641757775173212e-7
6.675816045682663e-7
6.462953956379065e-7
6.009435470361786e-7
5.579300538646619e-7
5.197253557500677e-7
4.700240457284581e-7
4.2632664696737144e-7
3.9110497382104755e-7
3.0845709788389895e-7
2.863504060400508e-7
2.574968594727639e-7
2.372508289715338e-7
1.905865333031679e-7
1.5040281384687027e-7
1.3288944076470002e-7
1.1203857475964054e-7
9.109601586108882e-8
7.318248810984656e-8
5.011306943424372e-8
4.635131278089722e-8
2.855038463775252e-8
2.4894933551976055e-8
1.0703504695517739e-8
6.7322801313299755e-9
1.5225231551813065e-9
2.0400133153358843e-10