0.005473560169674726
0.00543700768038837
0.005265255705932098
0.005222037148043807
0.0051741248930694695
0.0051181161105921785
0.005040923469646417
0.00498183995478398
0.0049212000971143996
0.0048959993095041695
0.004867894438449411
0.004792916435117721
0.004744273896469446
0.004664025283477397
0.004620141044488767
0.004577220039152008
0.004544328180037915
0.004512190172169532
0.004455620494751086
0.004445557749846658
0.0043853862729726165
0.004358399027198066
0.004347777900042655
0.004325864743817913
0.004258087171379416
0.004225149272196882
0.004199533081936031
0.004165765756686929
0.004155647969778297
0.0041148594428245255
0.0040512702044798125
0.00403107902945267
0.004013054753411974
0.003957632288862188
0.003923792948945629
0.0038766114532383634
0.003859794188044916
0.003844744154235417
0.003821858283319172
0.0037956087346772962
0.0037743157458867914
0.003756072162170667
0.0037380730174670896
0.0037080776833081897
0.003677108564007959
0.003667434346442291
0.003635077272020635
0.0035962445686574334
0.0035871099285126828
0.00357187005042767
0.0035338884882476127
0.0035088906678443182
0.003493837709324188
0.003484849382320461
0.0034643430397744983
0.0034513428013184795
0.0034292317436124616
0.0034003395837349797
0.003381561099165867
0.0033512908402168443
0.0033359544378622056
0.0033192430434726525
0.0033114748051136147
0.003297260450785372
0.003270096123664501
0.0032634919983392796
0.0032316079617032865
0.003212458008825941
0.003201740448827597
0.0031683579308702595
0.003165643331385192
0.0031534083750317347
0.003135728769009374
0.003116176664770366
0.003090740402577839
0.00305809221404435
0.003054052750620007
0.00305155733404435
0.003030456511625056
0.0030155750416933384
0.0030002166447852855
0.002982232992375907
0.002966056338118826
0.002936834151357787
0.0029243494944982133
0.002899003711753381
0.0028872423428953973
0.0028788985263019317
0.0028662559251648088
0.0028552302875246975
0.002838821750452029
0.00283243488982245
0.002812322277448762
0.002797059995176787
0.0027923963024393873
0.0027809382313156287
0.002770557351357379
0.002743678448355801
0.0027273419572462947
0.002719623339220256
0.0026999936170063977
0.002689179987220819
0.00267735330151192
0.0026652106746612864
0.002658834438241479
0.002633308988334808
0.0026196699552200136
0.0026066090184430645
0.0025867218756908867
0.0025772694218136926
0.002566418523663183
0.00255799201794101
0.0025432405966322315
0.002527354587302864
0.002517232736378614
0.0025133720273308015
0.0024999084060831358
0.002492496675894354
0.0024807833235456194
0.002465829699044185
0.002446058986610183
0.0024317693087661197
0.002424349479408007
0.002412451310359943
0.0024006995765921877
0.002388048903340723
0.0023744933319419974
0.0023696969262855254
0.0023562449743330344
0.002349342830617957
0.0023347459292700624
0.0023204591065815365
0.002315985564855972
0.0023003730114979277
0.0022910463754411193
0.0022809704274366514
0.0022686846717872525
0.002252702073097034
0.0022474196063118285
0.0022381368819683607
0.002228897223022166
0.00221225488832686
0.0022049567595192406
0.002198661176180955
0.0021892463924579313
0.0021843037881439415
0.0021757832170270467
0.0021572986858222564
0.002151688616017322
0.002139473923212526
0.002132218801857383
0.002123569606215691
0.002108237091353177
0.002105313552871409
0.002093518426505916
0.002086180024672109
0.0020751204418707372
0.0020648214597266106
0.0020573948370526366
0.00203938792889143
0.0020292746609025555
0.0020190510378363057
0.0020118355046459748
0.002006060969300026
0.0019942904554249015
0.0019895924193461816
0.001980865202801412
0.0019705493029640946
0.0019647864707382787
0.0019585372838220112
0.001950965731522382
0.0019365114236811175
0.0019313258318292194
0.0019190019422523493
0.0019084104329585728
0.0019049682476005461
0.0018991951011605602
0.001888418864397933
0.0018821201256858432
0.0018683265645502403
0.0018654441593636425
0.0018564480055496587
0.0018506937289281835
0.001836143376903553
0.00183214066653859
0.001829808050129925
0.0018166408505399887
0.0018070167583266437
0.0017983894409613914
0.0017945813914290454
0.0017808953807744883
0.0017751042314303142
0.0017708426722760036
0.0017633417727071236
0.0017589169195721304
0.0017477184310064212
0.0017424804365539443
0.00173510998858921
0.0017295926745691439
0.001717474382670069
0.0017127546386178363
0.0017054805596004214
0.0016985002836558986
0.0016859631488332718
0.001679408945355243
0.0016749725092981126
0.0016697100032947124
0.0016634652936020082
0.0016526949140458996
0.0016476681033564336
0.0016444499127129448
0.0016374590330429332
0.001629172930590948
0.0016237630915600459
0.001617065875386824
0.0016119307595234991
0.001602526499634493
0.0015971735800336363
0.0015872431110759576
0.001581729853969659
0.0015770216405854185
0.0015647802890471807
0.0015629235643456754
0.0015525657969985146
0.00154831192385938
0.0015408982996277009
0.0015379879890533262
0.001525042934527442
0.0015214175420428494
0.0015184076613709763
0.0015123877499981907
0.0015059609434165872
0.0014987718871783727
0.001491784286385313
0.001485028897153693
0.0014795504617142856
0.0014750030289202036
0.0014649161447039597
0.0014602650888596793
0.0014536794265835513
0.0014513468330177798
0.0014460298509887325
0.00143530249664021
0.001429757366084113
0.001428712330969127
0.0014238645447903634
0.0014144261342516555
0.0014086499383538804
0.0014034128421667106
0.0013970909249415447
0.0013931123226263737
0.001387616588843506
0.0013762570851891518
0.0013744726745259163
0.0013671073970908704
0.001361910456967961
0.001357805294979988
0.00135380189841204
0.0013479958424734526
0.0013429556305634886
0.0013391590630166138
0.0013318660383834216
0.0013279479102925713
0.0013209020330794791
0.00131537271822103
0.0013091743105333748
0.0013052572812688279
0.0012997350641264888
0.0012986526831716926
0.0012913819435540093
0.0012823273429680086
0.0012792312861553518
0.0012753081215837174
0.0012712214221896189
0.0012652404186763212
0.0012606135863377688
0.0012544333183749973
0.0012515069697715147
0.0012442004247527822
0.001238554658277967
0.0012354320071754981
0.0012317672850163405
0.0012279830526925755
0.001221746526166759
0.0012185560477428097
0.0012151120015312265
0.0012084347851646342
0.001206598726895932
0.0011995982743469818
0.0011946048080510455
0.001189733375038893
0.0011848679502379836
0.001178497537210024
0.0011755518280421016
0.0011704646717290367
0.001168509383812007
0.0011632785869481928
0.0011575604129828838
0.0011544035118105408
0.0011491453422585933
0.0011472883614051961
0.0011409787640705063
0.0011343320638680743
0.0011265503910161123
0.0011236792423802043
0.0011220595997779908
0.0011167156766128889
0.001114239108240139
0.0011044346293980164
0.001103030761446972
0.0011002196436255365
0.0010924385463295804
0.0010895425113164714
0.001085357917214308
0.0010795792582570332
0.0010736444016497977
0.0010722817402308911
0.0010673861012291297
0.001061901120941388
0.0010574316988260556
0.001054991317301167
0.0010529276035014707
0.001046468214736889
0.0010422711691120666
0.0010397140749077182
0.0010361188345429768
0.0010326668494710894
0.0010281326284769586
0.0010277309487056443
0.00101922250327771
0.0010172148448867678
0.001012147075616458
0.001005751263784105
0.0010019761498767403
0.00099927735190885
0.0009955700748848634
0.0009940498435516921
0.0009899354754655948
0.0009870372568733167
0.0009811845273939724
0.0009786933730551212
0.0009756305897002184
0.0009711087613933011
0.0009669734557419013
0.0009637695836363218
0.0009620967475737906
0.0009540690841040478
0.0009512555663397036
0.0009474571668627652
0.0009435062936771849
0.000939877100420825
0.0009365531065021092
0.0009339243657350171
0.0009304731694969281
0.00092502423244056
0.0009227070873359214
0.000919482214141584
0.0009157522444912926
0.0009112627814190069
0.0009078625225136204
0.0009038250352719248
0.0009018097153164636
0.0008999814473039558
0.000895783884451798
0.0008903067603422261
0.0008865963179807668
0.0008845209627439291
0.0008826049333811899
0.0008778059688096505
0.000877121315546604
0.0008721777693790374
0.0008700840039225245
0.0008685538154788071
0.0008633254994702779
0.0008589645433376267
0.0008559548244412482
0.0008521790231103301
0.0008490888612103796
0.0008466084429470733
0.000842799890808322
0.000837224426486067
0.0008367119570741276
0.0008328554427479892
0.0008306889044345571
0.0008288567017589582
0.0008225576523066107
0.0008186685356861729
0.0008154145743124266
0.0008130181576321272
0.0008073393780388548
0.0008054935956192266
0.00080302250370401
0.0007997693312500448
0.000796534379171098
0.0007941832061069207
0.0007901674962583483
0.0007887782500586064
0.0007843919811736739
0.0007823428069442227
0.0007784955408322102
0.0007759634817439123
0.0007727706140154237
0.0007699834011118762
0.0007678263527496174
0.0007622770056990492
0.0007609472749946206
0.0007587870014457757
0.0007571477650074555
0.0007546194041333088
0.0007509697021100839
0.0007493261571543431
0.0007449704892660924
0.0007422319982775419
0.0007408365795346925
0.0007373967091311508
0.0007346386768533536
0.000729268028050924
0.0007282212427204846
0.0007251315855788716
0.0007225712410364967
0.0007214726403395224
0.000718312959331044
0.0007148933041200667
0.0007134992523281555
0.0007076046022765725
0.0007039900819363539
0.0007009985951320156
0.000700334550948085
0.0006980156626265045
0.0006954651527263383
0.0006931378668668377
0.0006890612408107201
0.0006851730398980589
0.0006835134757242283
0.0006813262551571559
0.0006789525145335561
0.0006757608048306817
0.0006741176423467366
0.0006727668056594206
0.0006708598525527584
0.0006663801642604562
0.0006654830498424252
0.0006609486468274405
0.0006592731191664651
0.0006552670040487185
0.0006538049441086739
0.0006509921974129105
0.0006479002586346843
0.0006464656344063757
0.0006438718825885697
0.0006410336201820262
0.0006388785489583756
0.0006358838685060266
0.000632658561897665
0.0006307770103643433
0.0006284779086265422
0.0006260369691401312
0.0006217667262007588
0.0006199942499423184
0.0006184297801024016
0.0006173006648212406
0.0006141203181149959
0.0006122010074137264
0.0006097555006050102
0.0006073031006760848
0.0006040987612923911
0.0006028966142953404
0.0006010920579487286
0.0005977176124722792
0.0005953942858812501
0.0005930741092035482
0.0005921352628256825
0.0005894713109408844
0.0005871265429022202
0.0005847795077897527
0.0005808800403663535
0.0005801358231246935
0.0005789968969009167
0.0005743289210359598
0.0005733350029734002
0.0005700163204907361
0.00056788544924372
0.0005674686730287211
0.0005651318331827624
0.0005618418823589572
0.0005600469919945139
0.0005582517480944131
0.0005552531288858359
0.0005540962589663469
0.0005512446878124447
0.0005504560423002838
0.0005481727540145032
0.000546138860126248
0.00054396572624653
0.000540663089241692
0.0005394463467586374
0.0005370069332651954
0.0005346069661364837
0.0005336645926750312
0.0005312760107639177
0.0005295686127321368
0.0005266385183698481
0.0005240240191243905
0.0005227850809921147
0.0005211636411849193
0.0005202287204693273
0.000517760582519771
0.0005162405052923397
0.0005144047171245484
0.0005103763150456353
0.0005086898599066398
0.0005080050223282085
0.0005058597012679664
0.0005034760199021491
0.00050099492818076
0.0005002098941515612
0.0004985694503586806
0.000496258857629215
0.0004949432528594746
0.0004920640331989173
0.0004903737673323608
0.0004887107046424286
0.0004866508085142235
0.00048402832998495126
0.0004832983051162636
0.0004812131222281116
0.0004792186041366214
0.0004782614112796787
0.00047535193345290237
0.00047442661405207195
0.0004722182826605336
0.0004705912157934504
0.00046953216176456934
0.00046725915888349244
0.0004648974461826703
0.0004628141018672008
0.00046166598074431914
0.00046023198180558027
0.00045860388866198284
0.00045628433495658607
0.0004544053666637211
0.0004518111247776176
0.0004501566841483021
0.00044869905625259394
0.00044733495187066846
0.00044685094538322265
0.0004442973664802309
0.0004421949267336919
0.0004399907998007792
0.000437868366412808
0.00043766189309825176
0.00043577286811741515
0.00043422953124727545
0.00043151449327633707
0.00042980362842708845
0.00042799759773750587
0.00042663661568876986
0.00042606731195550345
0.0004233578547647566
0.0004212380292802231
0.0004192834336430088
0.00041719604870267665
0.0004166608234554171
0.0004152584632429908
0.00041301446944090776
0.000412201726731783
0.000410814896890895
0.0004092475180753967
0.0004070016851444423
0.00040520805799480834
0.00040501060862219515
0.0004031623719798398
0.00040136529630864384
0.0003995649770867098
0.00039752208139962823
0.0003962856602552606
0.00039401790000681666
0.00039241215445005005
0.00039080154031037747
0.000389062737426274
0.0003881242285010229
0.00038724618816332796
0.00038545644081319297
0.00038397978111913064
0.0003825368971578481
0.00038132922825736545
0.0003799780033182173
0.0003777482910287431
0.0003762290176210779
0.0003755997565329
0.00037480450956572855
0.0003727094568030397
0.00037044198885357574
0.0003690906038852026
0.0003667026652930795
0.00036565215703825447
0.00036440839202883375
0.00036356827161505823
0.00036240252990299193
0.00036138174628037265
0.00035926523121662505
0.00035804533488188137
0.00035655279212154007
0.00035502965528581024
0.0003536769895865307
0.0003522945131743187
0.0003517338530015098
0.0003498626166270409
0.00034881918172558434
0.00034569119200476226
0.00034528012162188325
0.00034312398172131473
0.00034252862960743356
0.0003419428185646586
0.00034018705786445996
0.0003381472543444402
0.0003375077481511256
0.0003367912034225762
0.00033536275158722195
0.00033398931613746444
0.0003329291850855778
0.00033100292775260667
0.00032967864538408116
0.00032881801665239147
0.00032714194587472206
0.00032591989513515576
0.0003246795990109953
0.0003237496161366277
0.0003225296192812234
0.000321368039471763
0.0003201575842834348
0.00031812434221722415
0.0003173911796465866
0.0003161974343912067
0.00031479784024617213
0.00031305152312045533
0.0003117181980476814
0.00031147001495991704
0.00030957671021880276
0.0003063493226810312
0.0003058321972940384
0.0003047266816606406
0.0003030977423217921
0.0003023060499530846
0.0003009799459921116
0.0002999617186097763
0.0002986064889696928
0.000297044264660412
0.00029564192220805886
0.0002939008047585217
0.00029345054876632
0.0002919894276480808
0.0002914816627981483
0.0002898123743454453
0.00028883305284439027
0.00028817349513226756
0.0002863570533007508
0.0002849831714818328
0.0002843961506470155
0.00028285321588215564
0.0002821088568247961
0.0002815872905720057
0.0002800277892315538
0.0002783042789325922
0.00027794892676482556
0.0002770139678997951
0.00027561861932097747
0.0002742457801109668
0.0002732834524872359
0.00027140825450675725
0.0002710268630825202
0.00026947087361559654
0.00026781660839319144
0.00026741831094550546
0.00026604956061894306
0.00026518733792319405
0.0002639667530505475
0.0002633102249069655
0.00026189708904294633
0.0002607459083673639
0.00026023382588386543
0.00025806177076880915
0.0002568683265331663
0.00025621755506144103
0.00025560401929643857
0.0002547286461361975
0.00025282199485594537
0.00025184172699715767
0.00025086196779054086
0.00024984559937714715
0.0002486886350643075
0.00024777872439520624
0.00024730894435319396
0.00024602392814890186
0.0002441260730171801
0.00024332244219732566
0.00024297796074565988
0.00024220104721663934
0.00023990821761744427
0.00023951187891629703
0.0002386403708687895
0.0002382080519432267
0.00023707468765714126
0.00023645778660034546
0.00023511562736260584
0.00023405063826153534
0.00023296987025292097
0.00023161553862547415
0.00023096061748222477
0.0002299900136250648
0.0002288262843728556
0.0002277790366974001
0.0002274504439062445
0.0002257695262837532
0.00022523413492584797
0.00022439892615541105
0.00022304269746234635
0.00022225639809999193
0.00022139395745359114
0.00022093457641435776
0.00022021940207390668
0.0002188511698815325
0.00021749150985082876
0.00021715567539209492
0.0002158180170489762
0.00021454508665416286
0.0002144952005665897
0.00021304389068881868
0.00021218535229842369
0.00021125364389904013
0.00021041727923323155
0.00020930846657488415
0.0002089990711649083
0.00020799410462276133
0.00020671906814039126
0.0002057509872628014
0.00020530466643580935
0.00020415837778576143
0.00020315497513024797
0.0002026804571427494
0.00020099008756446117
0.00020045825746205828
0.00019961019698738555
0.0001990580392884066
0.0001982825150888816
0.0001966826789346225
0.00019643024077349634
0.00019562812437558895
0.0001947921939903546
0.0001940605422940485
0.0001928743288412289
0.00019164113652186005
0.00019060723281311183
0.0001902051513989608
0.0001884807219363336
0.0001880667665027553
0.00018727872864868968
0.00018630346796858404
0.0001854037275032488
0.0001845618491310515
0.00018434413153976508
0.00018347546372960414
0.0001825623487457024
0.00018131695939585564
0.00018098309712461002
0.0001801937768022955
0.00017880676995023554
0.000178202877873155
0.00017769042706852506
0.00017693184754212659
0.0001762361453494149
0.0001750354529597771
0.00017458750846095008
0.0001736055627393938
0.00017254471273953496
0.00017146640214801384
0.000171338914025981
0.0001706222763597673
0.00016959373513655105
0.0001685733052328911
0.00016804533924244676
0.0001673419625701765
0.000166380603968769
0.00016549373096528552
0.00016474810433837896
0.00016410638548240722
0.00016315469417220067
0.00016222238623865196
0.00016153747530141683
0.00016066086231180976
0.00016009282681908048
0.00015973066918820798
0.00015891510804206586
0.00015860917412626566
0.0001578291710593163
0.00015657753200143035
0.00015598908638570457
0.00015520532507128134
0.00015389637894720328
0.0001533779624831478
0.00015306008145199757
0.0001524017781096997
0.00015133484622007013
0.0001510116606483044
0.00014927994818517495
0.00014896518309996215
0.00014811359427283066
0.0001478945177008835
0.0001469582774667327
0.00014614861492015047
0.00014482307893305484
0.00014452147131821717
0.00014379158904454143
0.0001433514702501726
0.00014294373518234586
0.00014183137292357047
0.00014074328764091302
0.0001404182250206612
0.00014019281266996675
0.00013926286691666738
0.0001388215058722163
0.00013815468276153427
0.00013740695383001147
0.0001371076374842333
0.00013650103938762814
0.00013562691848088243
0.00013490433838500362
0.00013384698346889003
0.0001335803165938487
0.00013254331959980438
0.0001320980456690811
0.00013131678816080938
0.00013063403940477588
0.0001303689419282252
0.0001293423710973351
0.00012900464054425896
0.00012845249458503263
0.00012789434195423303
0.00012721221619272749
0.00012614228746641676
0.00012584226083308238
0.00012523801888542148
0.0001248208125633403
0.00012412945294531678
0.00012322143479650332
0.0001226487224682456
0.0001222796224336985
0.00012169449460247325
0.00012029747854738567
0.00011965502082222203
0.00011954008670956826
0.00011856555044448538
0.00011801100185553624
0.00011787285314612501
0.00011725247000394498
0.00011661637043525784
0.00011563377615260075
0.00011491959329287373
0.00011433134171516754
0.00011365548216219851
0.00011329090700863312
0.00011294066107898425
0.00011256027798604225
0.00011212410070507003
0.00011116798433389423
0.00011078670457730712
0.00011024152596697645
0.00010992187948572064
0.0001090827902505098
0.00010813967161265892
0.0001072669618675825
0.00010694885629216525
0.00010662972992967073
0.00010584772956086795
0.0001050882486714462
0.00010431770116113802
0.00010365626237252122
0.00010338433875158796
0.00010293263253470332
0.00010255512458004459
0.00010152801109647965
0.0001010011361200562
0.00010024999102957097
9.980699302092741e-5
9.956482721018345e-5
9.911377616174167e-5
9.826191839217249e-5
9.79995105349629e-5
9.739316820861176e-5
9.700500375353711e-5
9.626943457987726e-5
9.577468046205536e-5
9.536355463412589e-5
9.489823540848991e-5
9.450727310829114e-5
9.398370461049812e-5
9.338479003512543e-5
9.285375444944695e-5
9.241279357562231e-5
9.204135707315836e-5
9.124809800960764e-5
9.038388979036321e-5
8.932071115211395e-5
8.898368366032377e-5
8.851004225933955e-5
8.815136482199353e-5
8.702937939466523e-5
8.67824978692917e-5
8.630620581768115e-5
8.578379227375896e-5
8.549488401794577e-5
8.499348768995865e-5
8.456083442070432e-5
8.420399877905061e-5
8.283817288749457e-5
8.27055598915946e-5
8.174237624579127e-5
8.158222152274521e-5
8.102762519729957e-5
8.08661685870506e-5
8.008989113023719e-5
7.934659663114654e-5
7.874720646114126e-5
7.854706486571686e-5
7.819922098508447e-5
7.740319783019652e-5
7.712651098074758e-5
7.704156946102129e-5
7.66398506833474e-5
7.588940677488518e-5
7.562088854087401e-5
7.511767180703615e-5
7.457848478336746e-5
7.405859285522538e-5
7.363130425595709e-5
7.304701770263772e-5
7.281964630481539e-5
7.232376858087991e-5
7.217602907113072e-5
7.120369159475773e-5
7.057419287975438e-5
6.985944698620269e-5
6.948394939287066e-5
6.903587569602298e-5
6.857203018240735e-5
6.832106870993237e-5
6.814094687958736e-5
6.77471838887166e-5
6.736904509951269e-5
6.66973467629552e-5
6.608187949061164e-5
6.577599704256374e-5
6.537533878870849e-5
6.481699515775611e-5
6.401351178390518e-5
6.360968329196063e-5
6.322121873479491e-5
6.289125808575445e-5
6.235962120380989e-5
6.206877736553174e-5
6.122856046461602e-5
6.085757996552432e-5
6.029917349923783e-5
5.988069094304028e-5
5.9529137254682526e-5
5.879936238623143e-5
5.8559803339895365e-5
5.822584070523459e-5
5.792424527678238e-5
5.703926216464792e-5
5.675831033556972e-5
5.6086079743017106e-5
5.567785751992378e-5
5.533283263216253e-5
5.4786556440700334e-5
5.4375472781460594e-5
5.427373742246705e-5
5.3417822538592834e-5
5.323842299311994e-5
5.261678278701712e-5
5.2105423564022144e-5
5.1510648380087555e-5
5.118485197648729e-5
5.074116089970685e-5
5.030800225227068e-5
5.006972318465599e-5
4.948003094861946e-5
4.8852201061313966e-5
4.85619745709855e-5
4.791307268032181e-5
4.765607538093998e-5
4.7282000368436813e-5
4.68766813747914e-5
4.656138935654788e-5
4.59670935808263e-5
4.5623726037058775e-5
4.5140086800856546e-5
4.459693233505221e-5
4.428202041747112e-5
4.381567761986954e-5
4.3641504992260964e-5
4.288829050178346e-5
4.200072847008266e-5
4.176611452767827e-5
4.128889811663202e-5
4.090291958722454e-5
4.027895253649869e-5
3.956043496940543e-5
3.936848837316565e-5
3.891749292213656e-5
3.8469723312280704e-5
3.782090328498415e-5
3.7464856999995734e-5
3.730666407368054e-5
3.666782836639211e-5
3.608253832847653e-5
3.554403312969914e-5
3.4771544844380126e-5
3.4568620264485205e-5
3.363308047295006e-5
3.295892802817188e-5
3.221843902061644e-5
3.113371186628617e-5
3.034699763139075e-5
