Gamma, E, varE, T, varT, S, varS, dimension, vardimension 
0.0 -125.0 0.0 7.950112292450001 19.744847882905177 0.0 0.0 1.0 0.0
0.05 -125.31269540962133 -7.275957614183426e-12 7.365797563499998 0.028774375003479236 6.212647517226184e-6 6.462348535570529e-27 3.0 0.0
0.1 -126.25315033756985 0.0 7.5890456333000005 0.03297833801536143 8.424689128610989e-5 2.481541837659083e-24 3.0 0.0
0.15 -127.82865583133473 -9.094947017729282e-12 7.901805158500001 0.03708636430706491 0.00039145971187486107 -2.6469779601696886e-23 5.0 0.0
0.2 -130.052024583456 1.8189894035458565e-11 8.285397631599999 0.06383447226905048 0.0011918338143236805 0.0 5.0 0.0
0.25 -132.91674513653766 0.01231057776385569 8.996552459899998 0.2653174384058872 0.0029201739309907397 0.0 9.5 56.25
0.3 -136.4050585343326 0.03567377416038653 9.949687257399999 0.49915224781148027 0.03045857681950238 0.011044886649661675 16.55 129.64749999999998
0.35 -140.57287107188105 0.04725480598790455 12.110225719999999 0.780032073630565 0.012962099207910244 3.923984048933779e-12 27.45 49.047500000000014
0.4 -145.6975339623354 0.013890360005461844 14.050999474849998 0.4344952599074645 0.13876988912861005 0.028528035979853917 32.0 0.0
0.45 -151.81195529815537 0.0031679384264862165 15.457416269100003 0.18428745031695826 0.18973532047227268 0.03052138288952151 32.0 0.0
0.5 -159.09963977331384 0.00013787966599920765 14.212317086000002 0.10245856954855981 0.27964488867214066 0.008661068050364373 32.0 0.0
0.55 -167.8050882104068 0.00014757470489712432 14.05812677375 0.012186284542480053 0.3216323620247002 5.0357053226660065e-5 32.0 0.0
0.6 -177.3980893610127 8.952338248491287e-7 13.73691527515 0.018975256832419518 0.25279926707841605 2.7461191180744304e-7 32.0 0.0
0.65 -187.5476630593157 4.452158464118838e-8 13.90455552775 0.6931599414519098 0.20821221711506666 6.252177160714911e-8 32.0 0.0
0.7 -198.0982152006282 1.5264959074556828e-8 14.407680723099997 0.19176559147689431 0.17695995378063897 1.16522184193113e-8 32.0 0.0
0.75 -208.94471838221799 1.516309566795826e-8 12.507651159700002 0.01885131817977026 0.15346716548405318 1.406459296249274e-9 32.0 0.0
0.8 -220.0209797641458 1.1641532182693481e-10 13.272394799699999 0.6237400577427081 0.13503861039674733 5.09566288470209e-10 32.0 0.0
0.85 -231.28033129541024 4.3655745685100555e-11 13.3311886786 0.06403605389712652 0.120158112878931 1.5522316244853673e-10 31.65 0.6275000000001683
0.9 -242.68848890712607 1.4551915228366852e-11 12.990515158600001 0.0407831441551707 0.10789366384574732 2.2714227200515413e-10 31.75 0.28750000000002274
0.95 -254.21948024133926 6.548361852765083e-11 12.6721059151 0.061024907298616426 0.09758937265518172 1.0730283848958688e-10 30.95 2.847500000000082
1.0 -265.853208563558 0.0 12.525580650250001 0.054738486142071 0.08883798481192277 7.961278337964561e-11 30.6 2.6399999999998727
1.05 -277.57383490914356 1.4551915228366852e-11 12.1885537227 0.03622562815931474 0.0813196862672408 1.71767764942099e-11 29.9 4.290000000000077
1.1 -289.36868119366926 2.9103830456733704e-11 11.950843649700001 0.03956475012097371 0.07478520960289889 1.8482045754941723e-11 29.15 6.427500000000009
1.15 -301.2274652461907 0.0 11.8058385454 0.05316602951066329 0.06907274587132298 5.810333984779259e-12 28.55 6.747499999999945
1.2 -313.14174809203104 2.9103830456733704e-11 11.58379039295 0.06158324311019214 0.06403305765227044 1.1287057226361252e-11 26.95 14.047500000000014
1.25 -325.104534236346 0.0 11.46170289115 0.0325533293029423 0.05956475414290545 3.5048084226496634e-12 27.45 12.647500000000036
1.3 -337.1099709439535 0.0 11.316104686600001 0.025663690482019774 0.055578830472644156 3.483735435544366e-12 26.15 5.727500000000077
1.35 -349.1531211240374 1.4551915228366852e-11 11.279225359299996 0.031056838895253236 0.05200472106022297 3.3980466010441468e-12 26.05 9.447499999999877
1.4 -361.22978886751196 -2.9103830456733704e-11 11.1418424163 0.020899215948006145 0.04878599229522389 1.1234194997877811e-12 25.3 5.509999999999991
1.45 -373.3363845168821 -2.9103830456733704e-11 10.968396576199998 0.029424899600684284 0.04587388459842615 4.712237544612918e-13 24.05 13.047500000000014
1.5 -385.46981737640755 5.820766091346741e-11 9.75710542685 0.08040882350702816 0.04322943963124419 1.1857123356079358e-12 24.45 8.347499999999968
1.55 -397.6274118372457 -2.9103830456733704e-11 9.531277352750001 0.05317009661477812 0.040820514247320985 3.083282761051631e-12 22.0 12.0
1.6 -409.80683885331365 -8.731149137020111e-11 9.7487472744 0.03185011922367664 0.038617801826518174 3.106720609935554e-13 21.95 11.147500000000036
1.65 -422.0060614185876 2.9103830456733704e-11 9.715038852549998 0.0468684097397869 0.03659872924846714 1.0078951562242366e-12 21.0 8.399999999999977
1.7 -434.22329000897673 2.9103830456733704e-11 9.7412640381 0.038090624186352784 0.03474118968670207 9.927150247668326e-14 21.0 5.399999999999977
1.75 -446.4569456725885 5.820766091346741e-11 9.6538384156 0.03843744650896497 0.03302918321855351 5.25777121493376e-13 21.3 12.709999999999923
1.8 -458.70562986930327 2.9103830456733704e-11 9.623049457199999 0.0316653670197411 0.0314468024691968 6.209019843411712e-13 20.1 15.589999999999975
1.85 -470.96809922082457 0.0 9.58414081055 0.02027574919274855 0.029980883479929415 3.18834693889547e-13 21.85 9.927499999999952
1.9 -483.24324454838387 -1.4551915228366852e-10 10.381900665249997 0.16788063681767085 0.02862033816476776 9.359418622068016e-14 19.2 7.860000000000014
1.95 -495.53007300706923 2.9103830456733704e-11 10.57377426475 0.056548437226069836 0.027354528647820987 2.0171548893027635e-13 20.05 22.447499999999934
2.0 -507.82769333881 -1.1641532182693481e-10 10.518870786250002 0.02364236350115334 0.02617477699993198 4.741195500437834e-13 18.7 13.610000000000014
