Gamma, E, varE, T, varT, dimension, vardimension 
0.0 -12.5 0.0 1.3751877934499999 19.428322021013372 0.0 0.0 1.0 0.0
0.05 -12.531269580269822 2.842170943040401e-14 0.47236879599999987 0.006176609358813617 1.2425281089510846e-5 -2.5849394142282115e-26 5.0 0.0
0.1 -12.625315674805012 2.842170943040401e-14 0.55193380265 0.010242540690280633 0.004395225547985324 0.00028898064318486966 7.5 2.8500000000000014
0.15 -12.78286893651055 2.842170943040401e-14 0.64740154915 0.0073915067583022465 0.0013273770591485767 5.632248511992309e-6 10.3 1.7099999999999795
0.2 -13.005213576624442 -2.842170943040401e-14 0.7915736187500001 0.022746484394694955 0.002503022823537576 2.7104515094020246e-7 12.5 5.349999999999994
0.25 -13.294305119958036 -2.842170943040401e-14 1.1608782984499997 0.0807883444668851 0.006148101885484314 1.6683657997940994e-6 17.8 12.259999999999991
0.3 -13.652982294314274 -2.842170943040401e-14 1.7400121896999998 0.1153206163378444 0.012868394633926795 6.636459294453783e-7 23.9 15.490000000000123
0.35 -14.085358344823694 5.684341886080802e-14 2.7854561495 0.16649455772323485 0.0259231635193009 2.927345865710862e-18 31.4 2.0400000000000773
0.4 -14.597618856303246 0.0 8.480465913000002 9.045776343065967 0.053496097991567515 5.979282992245663e-6 84.8 88.5600000000004
0.45 -15.200015949381585 1.0325607036065776e-10 64.72658367805 5316.630643700989 0.1635457122985651 0.017112990541787932 247.25 4864.1875
0.5 -15.918105380470042 1.4344436749524903e-10 767.1600782806 5424.224267493933 0.9385679134931575 4.138194602876233e-6 989.55 5485.347500000149
0.55 -16.785883719066838 5.684341886080802e-14 286.2379208522001 6294.145743818561 0.6587112067583653 -1.1102230246251565e-16 156.15 0.5274999999965075
0.6 -17.745242448836233 -5.684341886080802e-14 88.07413497355 2838.259705196885 0.506746574596602 0.0 118.0 0.0
0.65 -18.760290580169404 -1.1368683772161603e-13 30.479558562599998 98.71798444808337 0.4167852175150415 -5.551115123125783e-17 88.7 0.7099999999991269
0.7 -19.814853751660916 0.0 16.366708463200005 41.299002840909054 0.3540526181757824 0.0 69.75 1.2875000000003638
0.75 -20.89907776923704 -3.410605131648481e-13 10.97575661695 9.528918438575928 0.3069825119955074 -5.551115123125783e-17 57.4 0.6400000000003274
0.8 -22.006351527556497 0.0 7.955935479700001 9.814926993156625 0.27009758676409057 0.0 50.0 1.199999999999818
0.85 -23.13199170349135 1.1368683772161603e-13 5.813397762349999 0.7313199727969888 0.2403299107742541 6.938893903907228e-18 41.8 1.0600000000001728
0.9 -24.27255380489002 -1.1368683772161603e-13 4.87884706545 1.0609590557076487 0.21578005685612264 0.0 39.4 0.8400000000001455
0.95 -25.425431984260086 -1.1368683772161603e-13 3.9767727915 0.30231469821512214 0.19519019149362898 2.0816681711721685e-17 36.8 0.9600000000002638
1.0 -26.588610249333072 1.1368683772161603e-13 3.7335369456499996 0.4822997557420514 0.17768594697407308 0.0 32.5 0.75
1.05 -27.76050000399895 -2.2737367544323206e-13 3.1608198573999995 0.4147982356963418 0.16263674860799363 1.0408340855860843e-17 29.8 0.35999999999989996
1.1 -28.939829883414625 2.2737367544323206e-13 2.69199115035 0.09932936571668183 0.14957448466257314 6.938893903907228e-18 29.2 0.9600000000000364
1.15 -30.12556875925292 -1.1368683772161603e-13 2.4152179352999994 0.11210114229138046 0.13814339426926345 1.0755285551056204e-16 27.4 2.1400000000001
1.2 -31.316870569650547 -4.547473508864641e-13 2.3333074586000007 0.10398525533685188 0.1280677975188037 4.85722573273506e-17 26.3 2.009999999999991
1.25 -32.5130339448096 2.2737367544323206e-13 2.10439335825 0.08096170411391945 0.11913050005849288 3.469446951953614e-17 22.75 1.6875
1.3 -33.71347212142548 6.821210263296962e-13 1.9436822802999996 0.06128193281217609 0.11115796232791139 1.3877787807814457e-17 21.8 0.7599999999999909
1.35 -34.91769016502912 6.821210263296962e-13 1.8987826146000004 0.03234211654157848 0.10400979551536933 8.673617379884035e-18 21.5 1.1499999999999773
1.4 -36.125267483302366 -2.2737367544323206e-13 1.8075755623999998 0.0545042536060536 0.09757119581337437 1.734723475976807e-18 21.3 0.9099999999999682
1.45 -37.33584423218948 -2.2737367544323206e-13 1.6639434019000003 0.04483237985991284 0.09174736428418008 3.469446951953614e-18 20.5 0.75
1.5 -38.54911062969821 0.0 1.6510388619 0.033752466567444905 0.08645934814552406 2.6020852139652106e-18 20.3 0.5099999999999909
1.55 -39.76479846829367 6.821210263296962e-13 1.52629844935 0.015290524902535019 0.08164085842936478 2.3887142264200634e-15 18.85 0.42749999999995225
1.6 -40.982674315349136 2.2737367544323206e-13 1.4474434078499996 0.0255509407709118 0.07723589092204142 1.4346163146328195e-15 17.85 0.42749999999995225
1.65 -42.202534009320814 -2.2737367544323206e-13 1.4655206992499998 0.04101297927483172 0.07319674961995949 1.6644671751997464e-15 16.9 1.2900000000000205
1.7 -43.42419818365126 2.2737367544323206e-13 1.3570808653 0.02574620264156957 0.06948262588620231 2.1501897484732524e-15 15.5 0.75
1.75 -44.647508590572485 0.0 1.3517658958999998 0.02302680522463585 0.06605841695177629 1.6393136847980827e-15 15.3 0.9099999999999682
1.8 -45.872325060559675 4.547473508864641e-13 1.2691850976999999 0.01197550134409564 0.06289372308458954 1.1076209394111913e-15 14.8 0.9599999999999795
1.85 -47.098522983213606 4.547473508864641e-13 1.28890719185 0.010841541365022245 0.05996216890635116 7.385585198971256e-16 14.9 0.9899999999999807
1.9 -48.32515782256426 1.3195508472563233e-5 1.2265785664500002 0.02664509458774944 0.055809657864250815 3.890833704059144e-5 14.4 5.039999999999992
1.95 -49.55463018381157 9.094947017729282e-13 1.2143628205 0.020437772952879074 0.054709045288760895 2.953366717850514e-16 14.7 0.910000000000025
2.0 -50.78435064097993 -4.547473508864641e-13 1.1729780385 0.012870286011620546 0.052349498102720916 1.3877787807814457e-16 14.4 0.6399999999999864
