Numero de qubits: 100 
Dimension: 100 
Sweep   Time var(Time)
1  1.4991801828999998  4.3681155520353165
2  0.05869580299999999  0.006692933247854381
3  0.23732568729999998  0.06698355025799946
4  1.1835432871000002  0.026216574661890982
5  2.0500666381  0.09214671492952038
6  2.1328177981999996  0.040042760576526344
7  2.1317701503000004  0.0722037768305321
8  2.1248343104  0.04783551582673092
9  2.0884141631  0.052049924087157
10  2.0870064891999998  0.056976085657276215
Total= 15.5936545096
Varianza= 5.088275616305693

Numero de qubits: 100 
Dimension: 200 
Sweep   Time var(Time)
1  0.0436349718  0.0022830540874042298
2  0.055426577  0.004554865683565125
3  0.23744827369999996  0.056894208972622165
4  1.2150408410999998  0.05480799706540004
5  4.0656492408  0.09758656041776402
6  6.5168206728  0.044855086023875175
7  6.940535117399999  0.08424817713568968
8  7.062168333999999  0.13440828057034004
9  7.037461122500001  0.08938569746819815
10  6.969445143900001  0.06051306989980098
Total= 40.143630294999994
Varianza= 0.29432020440072965

Numero de qubits: 100 
Dimension: 300 
Sweep   Time var(Time)
1  0.052678934899999995  0.01181628663522955
2  0.08999452020000001  0.04659006075066752
3  0.19160026030000005  0.004881376288442392
4  1.1247862751000002  0.051244625061557754
5  4.4218015731  0.11263970469956851
6  10.770819677599999  0.11971300820839019
7  13.4860442213  0.14709466831706497
8  14.1788450663  0.15096224311523723
9  14.294212440599997  0.15119776467664975
10  14.4481336987  0.1754977409491593
Total= 73.05891666810001
Varianza= 0.5181898368041152

Numero de qubits: 100 
Dimension: 400 
Sweep   Time var(Time)
1  0.046192761000000006  0.0031279407417424644
2  0.058181263500000004  0.004259123993944724
3  0.2238689001  0.053225238786662944
4  1.1279727184  0.08162119723753099
5  4.3259180601  0.069903829489725
6  13.240563062000001  0.11459521647261378
7  21.503245904299998  0.16431882880157522
8  23.363331086400002  0.21337413627474316
9  23.708712927599997  0.2347874204672926
10  23.663523574000003  0.2057429737763487
Total= 111.2615102574
Varianza= 0.621625535054386

Numero de qubits: 100 
Dimension: 500 
Sweep   Time var(Time)
1  0.048707677  0.006023990698464781
2  0.05923629179999999  0.005678491172071588
3  0.20745272800000003  0.039809749508979926
4  1.0790340317999998  0.0373204244527636
5  4.1818760328  0.07880695285852687
6  14.014831174  0.051646082720085994
7  28.630160713400006  0.44772744515412477
8  33.1547335977  0.3887240212794995
9  34.429617656999994  0.4476542783362505
10  34.9552020382  0.3691898327054222
Total= 150.76085194169997
Varianza= 1.4749274186483476

Numero de qubits: 100 
Dimension: 600 
Sweep   Time var(Time)
1  0.0467607564  0.0039550911043602826
2  0.0599613983  0.0053323678418705335
3  0.19517347499999999  0.004068988738133691
4  1.0638248107000001  0.019522711498301412
5  4.060707154099999  0.11962757044776841
6  13.995460191300001  0.05037906581725826
7  34.891477964299995  0.26723235519897676
8  45.4368286339  0.6203756608605987
9  48.3654634913  0.499674243959518
10  49.0856935734  0.7043108054362988
Total= 197.2013514487
Varianza= 1.550074729400999

Numero de qubits: 100 
Dimension: 700 
Sweep   Time var(Time)
1  0.0466942696  0.0033200479842522518
2  0.0600329679  0.004077057078827802
3  0.1910491982  0.0026622564815527382
4  1.0339167958000002  0.008414054384014049
5  4.098240666800001  0.1691223319961866
6  14.0040592992  0.04599665541150086
7  39.1853232735  0.32057631813937343
8  58.5765811537  1.0853441732049072
9  63.9775542267  0.5615167605964293
10  65.4668683026  0.22182869662629892
Total= 246.64032015400002
Varianza= 2.002700316164368

Numero de qubits: 100 
Dimension: 800 
Sweep   Time var(Time)
1  0.047785646200000004  0.004064514891049626
2  0.0605597995  0.004810496790518487
3  0.18652264970000001  0.002161209829797886
4  1.0948939514  0.09046384788985051
5  4.1604089765  0.1972106835605258
6  14.0065269696  0.035840149862368206
7  41.15875033019999  0.11331210892701943
8  71.8453277921  1.1186951157190603
9  81.6145743237  0.5496029475307017
10  83.69122477159999  0.7302706500384316
Total= 297.8665752105
Varianza= 2.0984697663945204

Numero de qubits: 100 
Dimension: 900 
Sweep   Time var(Time)
1  0.047822681  0.0026224308929897852
2  0.06252063690000001  0.0063059824667999744
3  0.1868036174  0.003117461153959201
4  1.0204583380999999  0.08160642154034595
5  3.7553174249000003  0.357659140383793
6  13.917059269800001  0.10366644820052236
7  41.993067500500004  0.3856550442430441
8  82.5129782316  1.463048478830032
9  97.85355253949999  1.1205221435528707
10  101.75933624999999  0.5878638799263987
Total= 343.10891648969994
Varianza= 3.695667123308472

Numero de qubits: 100 
Dimension: 1000 
Sweep   Time var(Time)
1  0.0481031722  0.002823265362587647
2  0.05925502869999999  0.005660706033566769
3  0.19054103230000002  0.008607442042684993
4  0.9577481814000001  0.008354373239490157
5  3.4076717757  0.03728751073955574
6  13.5067759029  0.2874587377841857
7  41.829594760599996  0.09033998597230497
8  92.22520564809999  1.2711600825096232
9  117.98529644070001  1.4323385068010799
10  124.8686143614  0.5827961299837408
Total= 395.07880630399995
Varianza= 3.06756473818967

