Numero de qubits: 100 
Dimension: 100 
Sweep   Time var(Time)
1  3.7470970971999997  4.370738946497542
2  2.3278328568999997  0.06314998159197252
3  2.2808419186  0.05906968866542631
4  2.1605979756  0.0613351107066957
5  2.1595586016  0.08381372847770407
6  2.1458400379  0.06193578848556739
7  2.0835504727  0.11277144339745282
8  2.043505523  0.12582608361245637
9  2.0218887441  0.1118643567172505
10  1.9736172285999998  0.10958104193218676
Total= 22.94433045620001
Varianza= 5.091651401364895

Numero de qubits: 100 
Dimension: 200 
Sweep   Time var(Time)
1  8.176950255100001  0.10655934097205949
2  7.967518738599999  0.07585365162098318
3  7.7913596377  0.12879732472706143
4  7.505655468799999  0.25426278668603336
5  7.2721020222  0.2963731865746612
6  7.038490188100001  0.35009991644134564
7  6.870873329699999  0.47385423670072496
8  6.5308879761  0.7000512548242976
9  6.063592233800001  1.0096406764852899
10  5.5807605952  1.3263996009999888
Total= 70.79819044529997
Varianza= 4.557900760001835

Numero de qubits: 100 
Dimension: 300 
Sweep   Time var(Time)
1  17.688171036299998  0.17357466456944176
2  17.1136504005  0.2514838713583192
3  16.777188384000006  0.1459004450562277
4  15.992202654600002  0.46254788130038615
5  15.240341197299998  0.9694783463922668
6  14.394604447399999  1.4281125413331008
7  13.433913474799999  1.7598746197364614
8  12.1748155398  2.0955063373337426
9  10.542981034800002  2.3054931146507105
10  8.980017672799999  2.569365934223263
Total= 142.3378858423
Varianza= 11.933525050362098

Numero de qubits: 100 
Dimension: 400 
Sweep   Time var(Time)
1  31.129899951  0.3602322914078885
2  30.1309511585  0.1698415138122154
3  28.6932471176  0.9306416175544853
4  26.039823230999996  2.2601949706025626
5  23.1135526975  3.0442654214522875
6  20.611499798799997  3.3147708630244868
7  18.5526534092  3.7591883986609353
8  16.895251949800002  4.38024851568427
9  15.4760036112  4.945256161116284
10  14.0846006352  5.337189471793664
Total= 224.72748355979996
Varianza= 27.30161576277328

Numero de qubits: 100 
Dimension: 500 
Sweep   Time var(Time)
1  47.609787962  0.3969926237745076
2  45.341552330800006  0.6461745764095983
3  41.3995025769  3.9435595238817123
4  35.030581446599996  10.483081614374491
5  30.938399332299998  12.452231830313957
6  27.871951203100004  12.207467251765639
7  25.5881879212  11.664274072414573
8  23.479189709299998  11.077338264239627
9  21.721920718699998  10.457989396123109
10  19.7942685197  9.891395267721613
Total= 318.77534172060007
Varianza= 90.21098573733344

Numero de qubits: 100 
Dimension: 600 
Sweep   Time var(Time)
1  69.73559203800001  1.1050728618335526
2  64.9544865505  1.3217432954404924
3  59.731436391900004  5.480358124025841
4  50.464410319500004  11.724583027243474
5  42.625307361  14.597991391040242
6  37.0298745801  15.227295741471197
7  32.356313103999994  14.926656010432076
8  28.044597248000002  14.298732297598159
9  24.1989779096  13.70886917865514
10  20.873337181999997  13.099806195548584
Total= 430.01433268459994
Varianza= 111.56917122536261

Numero de qubits: 100 
Dimension: 700 
Sweep   Time var(Time)
1  95.78257626159998  1.4532736768328172
2  87.32717367859999  3.786866492533847
3  75.58196295370001  13.450413138189457
4  62.506673471300005  19.925259117498356
5  53.2931768152  22.453935346229578
6  46.1281124124  23.819348371276675
7  40.4265348645  23.929789354842182
8  35.35600406740001  23.532226196475378
9  30.7746615008  23.571745366571818
10  27.1323558574  23.93809553010227
Total= 554.3092318829
Varianza= 189.8827260557888

Numero de qubits: 100 
Dimension: 800 
Sweep   Time var(Time)
1  125.0457517543  1.1596951531806474
2  113.22786838510001  4.611085241911941
3  94.05448782440001  18.56094535258217
4  76.95072005990001  28.198043790087617
5  65.47543146299999  28.74448711482885
6  56.42226954759999  26.757965503207632
7  48.406872034399996  23.847214233117768
8  41.009747169600004  20.452493189907823
9  34.3840489297  17.897454492492272
10  29.2859917165  16.855874812862304
Total= 684.2631888845002
Varianza= 196.97651525666748

Numero de qubits: 100 
Dimension: 900 
Sweep   Time var(Time)
1  155.4984927704  2.1864654401547647
2  136.4714861056  8.288240697282541
3  106.7806315105  25.79682607974611
4  81.74577762499999  32.4152558249235
5  66.715259098  31.792085149529296
6  54.40142821930001  28.858539423828212
7  43.8599967089  25.226357568217193
8  36.198028622  21.841415340474928
9  29.5498008341  18.99219231904739
10  24.8973170579  17.465612483645664
Total= 736.1182185517001
Varianza= 224.2313127591455

Numero de qubits: 100 
Dimension: 1000 
Sweep   Time var(Time)
1  197.9741593381  2.783983019415304
2  176.0072051094  8.666683543458076
3  150.53493611179996  26.731707122829466
4  129.49857849560001  30.58553387563659
5  107.63164104139999  31.526124010376062
6  90.30548205749999  32.310811538890896
7  76.732202623  31.815271934310662
8  65.06628572449999  30.7985685814095
9  55.5156979354  28.760485490691398
10  47.44428343930001  26.254850438814273
Total= 1096.7104718760006
Varianza= 248.33837373415267

