Numero de qubits: 100 
Dimension: 100 
Sweep   Energy  var(Energy)  
1  -126.73624626698431  0.0535667499768842
2  -126.89084568103313  0.025185524930930143
3  -126.92686390657641  0.015166282871702443
4  -126.94234998602501  0.008690510941590271
5  -126.9500511905186  0.005717175972111438
6  -126.95414328312503  0.0044706406243621415
7  -126.95662207043604  0.003640293261396736
8  -126.95816154529716  0.0029749529567230423
9  -126.95931101282096  0.0022610764699567947
10  -126.96013262898603  0.0016520299272568205
Numero de qubits: 100 
Dimension: 200 
Sweep   Energy  var(Energy)  
1  -126.79328314335112  0.07960421739441359
2  -126.9051324067653  0.05161051067393286
3  -126.92687855798894  0.039143300105043126
4  -126.93936968241978  0.024373116648076742
5  -126.94780827592103  0.012884039967519668
6  -126.95313225380917  0.006085663443904071
7  -126.95625839937748  0.003083141474764912
8  -126.95811528354632  0.0020188211442607926
9  -126.95931241665478  0.0014947509202776147
10  -126.96014616473504  0.0010942811713530384
Numero de qubits: 100 
Dimension: 300 
Sweep   Energy  var(Energy)  
1  -126.85684456983236  0.02554362166689011
2  -126.93686763142996  0.007309586726104157
3  -126.95100414742289  0.0050947706158275706
4  -126.95592162819192  0.004219763733712897
5  -126.95812419276233  0.0036353133408840704
6  -126.95931691138546  0.003068115932375679
7  -126.96007605110951  0.00248689346780632
8  -126.9606187404531  0.0019028523175757303
9  -126.96101834021071  0.0013954289841714533
10  -126.96130345325426  0.0009815553865772382
Numero de qubits: 100 
Dimension: 400 
Sweep   Energy  var(Energy)  
1  -126.79764533146529  0.09766096165419823
2  -126.90714361523578  0.051322043549662515
3  -126.93597657471268  0.02165612600245085
4  -126.9475128643815  0.008003642791369744
5  -126.95252586282243  0.003926297196730554
6  -126.95531344086803  0.0028658073551326283
7  -126.9572088310836  0.002291596919602282
8  -126.95861853462706  0.001751406152800584
9  -126.9596546614412  0.0012659374474896625
10  -126.96039624924211  0.0008785435857307105
Numero de qubits: 100 
Dimension: 500 
Sweep   Energy  var(Energy)  
1  -126.85004794884567  0.042850861299659385
2  -126.93235996256121  0.021448912757614225
3  -126.94821048611706  0.011930518214889255
4  -126.9538656319115  0.007239413217127179
5  -126.95667530503167  0.004832278664481852
6  -126.95836301306478  0.0034006784822491957
7  -126.9594875814577  0.0024316268054956074
8  -126.9602555922634  0.0017420954660247643
9  -126.96079034476568  0.0012223734219276472
10  -126.96116794261047  0.0008325097495413893
Numero de qubits: 100 
Dimension: 600 
Sweep   Energy  var(Energy)  
1  -126.83249518958648  0.059600990553846614
2  -126.92655661777351  0.038296347124265946
3  -126.94238272845561  0.027466931868472527
4  -126.95027316538736  0.015683631715280266
5  -126.95518102913186  0.007442576482868712
6  -126.95792073045357  0.0037127126289410906
7  -126.9593896534539  0.0024527059138688295
8  -126.96024912241123  0.0018437319593796843
9  -126.9608021249464  0.0013748791325981584
10  -126.96117808497975  0.0009893059252305072
Numero de qubits: 100 
Dimension: 700 
Sweep   Energy  var(Energy)  
1  -126.77167683026103  0.10617091816517345
2  -126.89112332096686  0.05544820863861064
3  -126.93128750970058  0.02806322712039984
4  -126.94736084983072  0.01286826683821924
5  -126.95390830299425  0.005892113137858149
6  -126.95686750983512  0.0034504522282079223
7  -126.95849292019254  0.002525418057358382
8  -126.95956689190356  0.001894396213379875
9  -126.96031883608768  0.0013603813090131076
10  -126.96084606774772  0.000943211211333081
Numero de qubits: 100 
Dimension: 800 
Sweep   Energy  var(Energy)  
1  -126.84404264101002  0.07363160209021992
2  -126.92626209849648  0.030427997044158668
3  -126.94399472168682  0.016866818790986917
4  -126.95035363107179  0.012382302026078722
5  -126.9534394606874  0.010371229794770289
6  -126.95537406534507  0.009155328136677706
7  -126.95670021681465  0.008320422665129657
8  -126.95769334356234  0.007587635919241369
9  -126.95850129523835  0.006790480714036495
10  -126.9591396886254  0.006010332815823912
Numero de qubits: 100 
Dimension: 900 
Sweep   Energy  var(Energy)  
1  -126.84486350689039  0.04031785835876463
2  -126.92586138896665  0.015178210973736225
3  -126.94363563468426  0.010451493057613757
4  -126.95031137072252  0.008445500677575934
5  -126.95359566695694  0.007102914807616638
6  -126.9556690044991  0.005993769431303355
7  -126.95717990574087  0.0049520236360647615
8  -126.95833355935142  0.004034685632397145
9  -126.95923142250717  0.0032352079916267594
10  -126.95993649745333  0.002539104773886525
Numero de qubits: 100 
Dimension: 1000 
Sweep   Energy  var(Energy)  
1  -126.87949358340468  0.029128620830109198
2  -126.94513891570872  0.008748970857805577
3  -126.95333181612452  0.006465214355225278
4  -126.95613858357567  0.005280371517582799
5  -126.95764210348503  0.004288862823072639
6  -126.9586793301388  0.0034437590315850807
7  -126.95949255959813  0.0026936272170726833
8  -126.96018238477322  0.0019779357522699487
9  -126.96068924912393  0.0014299934808631382
10  -126.96106996663768  0.0009971144017606318
