Gamma, E, varE, T, varT, dimension, vardimension 
0.0 -12.5 0.0 1.3138508121499999 19.079742141924076 0.0 0.0 1.0 0.0
0.1 -12.625315033720453 3.666400516522117e-12 0.4282350335999999 0.003506710089438203 0.00016006646985721045 6.387342778541512e-10 5.75 0.8875000000000028
0.2 -13.005208014843555 5.87277781960438e-10 0.5637901472 0.009241051680113743 0.025330320307373578 0.010059449048814399 11.55 6.447499999999991
0.3 -13.652949428314258 2.0488812424446223e-8 0.7831970226999998 0.009907152998511859 0.012363027679245001 1.9088618953846893e-6 17.85 8.62749999999994
0.4 -14.596518086178511 1.8174936542436626e-6 1.138729347 0.1011899546263566 0.04219193638452981 0.00016688110613455299 24.8 77.75999999999988
0.5 -15.91811088768402 9.094947017729282e-13 1.4853159932499997 0.002465351047492792 0.9396594539660026 1.869054189196362e-8 32.0 0.0
0.6 -17.745242425215817 0.0 1.4728449463499997 0.000458534850103387 0.5067441873015527 5.551115123125783e-17 32.0 0.0
0.7 -19.814853734908006 -5.684341886080802e-14 1.7693875441500002 0.18249696057996267 0.3540513016033234 -2.7755575615628914e-17 32.0 0.0
0.8 -22.006351505883313 -5.684341886080802e-14 2.3341343399500003 0.024311784681796844 0.27009633152044243 9.802436640171663e-13 32.0 0.0
0.9 -24.24477033451293 0.0002572970927303686 1.9027185287499997 0.09260230254751667 0.13485916639342183 0.0021820032191073348 15.3 57.309999999999945
1.0 -26.563940970219978 0.00020285279504150822 1.7540802702500002 0.03137157622054332 0.11105196797056174 0.0014797183048750918 12.2 31.360000000000014
1.1 -28.92205949778839 0.00021050370423836284 1.6547640414 0.05911819073248159 0.10469656015339009 0.0013418512547162236 13.95 39.547500000000014
1.2 -31.29530476023826 0.00011627029994087934 1.5265117039 0.03635895034220704 0.07684040354387481 0.00065602612229079 9.6 27.64
1.3 -33.70357210434953 0.00014701416580464866 1.5665995645999997 0.034442286530864674 0.08892585076252604 0.0007413424375616283 13.15 25.627499999999998
1.4 -36.1126802869354 0.0001296301109050546 1.1378351567000002 0.2605838403586642 0.07073888636404627 0.0005890461346983846 11.5 24.75
1.5 -38.534208430301106 9.517261833025259e-5 0.61173176035 0.010938993657806928 0.056197799816872215 0.0003924019485451245 9.8 18.95999999999998
1.6 -40.972722141296735 9.90439682482247e-5 0.6197710527 0.01156913207416782 0.057926366469112846 0.00037281493529423395 10.3 19.20999999999998
1.7 -43.414852284885114 8.7345728843502e-5 0.6104705019500001 0.008764463431730318 0.052111936126298386 0.00030173807384721585 10.0 16.0
1.8 -45.86175260872608 7.451702958860551e-5 0.5720283755000001 0.00899976097424704 0.04402537081703084 0.000237327568734504 9.05 14.347499999999982
1.9 -48.319324187362355 6.66711480334925e-5 0.5955619907 0.007239594727117993 0.04579184369603219 0.00019657344085099266 10.2 12.960000000000008
2.0 -50.77170020740108 4.000836406703456e-5 0.547353981 0.004895246413551824 0.031409707168579784 0.00010961864934294283 7.6 10.240000000000002
