Gamma, E, varE, T, varT, dimension, vardimension 
0.0 -12.5 0.0 1.3893510026999998 19.649732453677835 0.0 0.0 1.0 0.0
0.1 -12.625315674800817 8.526512829121202e-14 0.56586963655 0.023100429267863376 0.022728163518561655 0.00966983569225634 7.15 1.9274999999999949
0.2 -13.005213577943806 2.842170943040401e-14 0.7970291060000001 0.009908554017831972 0.002383680110502486 3.175210575967046e-15 12.4 0.839999999999975
0.3 -13.65298229431248 -5.684341886080802e-14 1.8574062324499998 0.4346654934984211 0.04662111829128619 0.021886050250116702 24.35 27.227499999999964
0.4 -14.597618858332837 2.842170943040401e-14 7.103870716000001 3.1473157863299406 0.11975513005783187 0.03909189987425693 87.6 135.4400000000005
0.5 -15.91799777667388 2.3868017251515994e-7 17.264570780099998 0.01612477072438878 0.9185307766244943 0.008189381980402977 128.0 0.0
0.6 -17.745242448836244 -1.1368683772161603e-13 14.138396095599997 0.17114618421985028 0.5067465745964743 1.1102230246251565e-16 118.0 0.0
0.7 -19.814853751660856 5.684341886080802e-14 8.700191657149999 0.12613500895596985 0.3540526181627605 2.7755575615628914e-17 69.15 0.9274999999988722
0.8 -22.006351527545984 5.684341886080802e-14 6.04727982395 0.1534396657102235 0.2700975855752134 0.0 47.35 2.0275000000001455
0.9 -24.272553804890272 -1.1368683772161603e-13 4.620619801349999 0.15241594742224507 0.21578005688368376 -6.938893903907228e-18 39.5 0.75
1.0 -26.588610249332987 0.0 3.4545741442 0.09078710866662654 0.17768594696377546 1.3877787807814457e-17 32.3 0.5100000000002183
1.1 -28.939829883416497 -5.684341886080801e-13 2.8779399958000007 0.10130204629571082 0.14957448476085272 6.938893903907228e-18 29.3 0.9099999999999682
1.2 -31.316870569648604 -5.684341886080801e-13 2.4114396833000002 0.10782056500941906 0.1280677974224505 4.5102810375396984e-17 26.0 1.5
1.3 -33.7134721213892 2.2737367544323206e-13 2.0662922637000003 0.044950423301831854 0.1111579608703527 2.0816681711721685e-17 21.4 0.8400000000000887
1.4 -36.125267483284674 4.547473508864641e-13 1.9079541048 0.07279985704514313 0.0975711951388308 5.204170427930421e-18 21.0 1.0
1.5 -38.54911062885257 -4.547473508864641e-13 1.736559226 0.07217298761923274 0.08645933343372754 4.054048763357798e-15 20.05 0.8474999999999682
1.6 -40.982674315349115 2.2737367544323206e-13 1.48872935575 0.01796160754670728 0.07723589092203205 1.4346163146328195e-15 17.85 0.42749999999995225
1.7 -43.42419818331532 -4.547473508864641e-13 1.4081597902 0.009922980404461601 0.06948262053447661 2.40692882291782e-15 15.4 0.839999999999975
1.8 -45.87232506122431 9.094947017729282e-13 1.3441756797000002 0.017990023797534338 0.06289373327155937 1.1423154089307275e-15 15.1 0.9900000000000091
1.9 -48.32599118957033 -4.547473508864641e-13 1.3042739218000001 0.013100228382280754 0.05724067539713588 4.692427002517263e-16 14.8 0.9599999999999795
2.0 -50.78435064108327 -1.3642420526593924e-12 1.2051285301 0.006740723983734043 0.05234949957715036 1.6176296413483726e-16 14.5 0.75
