Gamma, E, varE, T, varT, dimension, vardimension 
0.0 -12.5 0.0 1.1491325844000002 19.172981277067766 0.0 0.0 1.0 0.0
0.1 -12.625309264018744 5.684341886080802e-14 0.22543271175 0.00013546530887594 0.022984847611806886 0.004046318739672692 3.15 0.12750000000000128
0.2 -13.005102354114019 -5.684341886080802e-14 0.23796881210000004 1.9488184473392955e-5 0.004358073278684848 0.00019047647199658634 4.0 0.0
0.3 -13.65232548608489 0.0 0.23993115079999994 3.867937161058932e-5 0.006340566932197168 3.3881317890172014e-20 4.0 0.0
0.4 -14.594865794127253 -8.526512829121202e-14 0.25094578189999994 0.0015044173776488506 0.026346759449597808 3.61039323437673e-17 4.0 0.0
0.5 -15.900886142661232 2.2535784580668405e-6 0.23346355444999997 5.217646999519654e-5 0.1880024287152509 0.0002719927658075133 4.0 0.0
0.6 -17.691302033209247 3.3964140015996236e-6 0.2369615309 4.131806923532433e-5 0.25284726452134676 3.5508981865994826e-10 4.0 0.0
0.7 -19.76462741871685 3.5146285881637596e-10 0.23815868450000002 4.593821141048171e-6 0.1769883760730559 0.0 4.0 0.0
0.8 -21.96382778856936 5.684341886080802e-14 0.2417792858 2.6591377809186134e-5 0.13504219348306867 3.469446951953614e-17 4.0 0.0
0.9 -24.235508972241288 1.1368683772161603e-13 0.24627734775 2.3596202278500233e-5 0.10788840876837705 5.204170427930421e-18 4.0 0.0
1.0 -26.55571784603286 2.2737367544323206e-13 0.24866450799999998 0.00010324709802116139 0.08884248216356941 3.469446951953614e-18 4.0 0.0
1.1 -28.91021310507589 -3.410605131648481e-13 0.25880833815000004 0.00198506701956723 0.07478706954362248 -8.673617379884035e-19 4.0 0.0
1.2 -31.28991330283434 2.2737367544323206e-13 0.2333476732 0.00010866882841938097 0.06403383172547264 -8.673617379884035e-19 4.0 0.0
1.3 -33.68872213624714 2.2737367544323206e-13 0.23773597409999997 3.61697241805653e-5 0.05557895248171946 0.0 4.0 0.0
1.4 -36.10238168974766 0.0 0.24088768735000002 7.935932007900603e-5 0.048785585052809846 0.0 4.0 0.0
1.5 -38.527821858563925 6.821210263296962e-13 0.24041705470000005 1.1002459541414877e-5 0.043229668301909434 0.0 4.0 0.0
1.6 -40.96277005625466 9.094947017729282e-13 0.24284705344999996 2.20433067302378e-5 0.03861794690358887 -6.505213034913027e-19 4.0 0.0
1.7 -43.4055063903395 0.0 0.24400960665000002 8.443893736428953e-6 0.03474132475375934 4.336808689942018e-19 4.0 0.0
1.8 -45.85470434462649 0.0 0.24513427320000006 1.7322933440949706e-5 0.031446881033908185 2.168404344971009e-19 4.0 0.0
1.9 -48.309323850944864 -9.094947017729282e-13 0.24708362959999994 9.187143922868846e-5 0.02862035045600263 -4.336808689942018e-19 4.0 0.0
2.0 -50.76853759892857 9.094947017729282e-13 0.24657367385 3.101864551553063e-5 0.0261747605394927 -3.2526065174565133e-19 4.0 0.0
