Gamma, E, varE, T, varT, dimension, vardimension 
0.0 -12.5 0.0 1.1554060354999998 18.97575894870734 0.0 0.0 1.0 0.0
0.1 -12.625309584819528 1.9610979506978765e-12 0.23991036440000002 0.001999289436083726 0.034338848177241255 0.022288405709762524 3.3 0.8100000000000005
0.2 -13.00510238192167 -1.1368683772161603e-13 0.2532032184 8.212151248042365e-5 0.0011968171720939526 4.718432381651958e-10 5.15 0.4274999999999949
0.3 -13.652423942882004 5.491546062330599e-8 0.27562069365 3.562585721962608e-5 0.009947957386817492 0.00013449729426627673 7.2 0.1599999999999966
0.4 -14.59527806668747 9.577483979228418e-7 0.29239948375 0.0023091647445362407 0.030237014247811465 8.472176923916559e-5 8.0 0.0
0.5 -15.914376435349041 1.6116814549604896e-8 0.28161542519999994 2.1474508695107364e-5 0.432173587392038 0.010596522130242786 8.0 0.0
0.6 -17.744898027356143 5.684341886080802e-14 0.29199301315 0.001953791116044115 0.4987116075927361 1.2094769630266455e-12 8.0 0.0
0.7 -19.779673759854507 0.0005273931025158163 0.27798527380000004 1.9630650975779873e-5 0.22951222726759432 0.00642779433018955 8.0 0.0
0.8 -21.963829112676144 0.0 0.29127992265 0.0014778306015029302 0.13504879205640824 6.938893903907228e-18 8.0 0.0
0.9 -24.235509357397586 2.2737367544323206e-13 0.27447606125 4.268737068312267e-5 0.10789002839457698 -8.673617379884035e-18 8.0 0.0
1.0 -26.555717978166246 0.0 0.28913317685 0.0014022622731990342 0.08884297351219986 -1.734723475976807e-18 8.0 0.0
1.1 -28.91021315649805 -1.1368683772161603e-13 0.2747018815000001 0.00028458464211536527 0.0747872427339957 -8.673617379884035e-19 8.0 0.0
1.2 -31.289913324893284 -3.410605131648481e-13 0.27187455930000004 6.015998124167532e-5 0.06403390009672454 0.0 7.0 0.0
1.3 -33.688722146477026 2.2737367544323206e-13 0.2761625909 0.001652405581897623 0.055578981999742816 -1.3010426069826053e-18 7.0 0.0
1.4 -36.102381694805054 0.0 0.26485195084999996 1.753133332613177e-5 0.048785598740537006 0.0 7.0 0.0
1.5 -38.52782186120263 -9.094947017729282e-13 0.26926860675 3.2484078505298775e-5 0.043229675038520786 8.673617379884035e-19 7.0 0.0
1.6 -40.96277005769618 -2.2737367544323206e-13 0.27052675164999995 0.0023977003886507253 0.03861795039501999 4.336808689942018e-19 6.0 0.0
1.7 -43.40550639115871 -4.547473508864641e-13 0.25729692989999997 6.948121630183379e-5 0.03474132664225297 -4.336808689942018e-19 6.0 0.0
1.8 -45.85470434510883 4.547473508864641e-13 0.26430092944999994 4.873425393144004e-5 0.03144688209611973 -2.168404344971009e-19 6.0 0.0
1.9 -48.30932385123735 -4.547473508864641e-13 0.27542186225 0.0015180347156163732 0.028620351073472237 5.421010862427522e-19 6.0 0.0
2.0 -50.76853759910971 -4.547473508864641e-13 0.25359416815 4.208089059952458e-5 0.026174760909473245 -1.0842021724855044e-19 6.0 0.0
