Gamma, E, varE, T, varT, dimension, vardimension 
0.0 -12.5 0.0 1.3741129157000003 18.967317632852307 0.0 0.0 1.0 0.0
0.1 -12.62531567480084 5.684341886080802e-14 0.5565926501500001 0.016980921161693807 0.010973060100065825 0.0017265062796579262 7.4 3.039999999999992
0.2 -13.005213577943483 2.842170943040401e-14 0.8433468831500001 0.05953052471747655 0.017073890896236753 0.0019995545850670657 13.1 9.890000000000015
0.3 -13.65298229421209 -5.684341886080802e-14 1.858042408 0.4342628679989775 0.016248798194890456 0.00022628757873950015 24.75 37.78750000000002
0.4 -14.597618855713838 -2.842170943040401e-14 8.3631470135 18.344585767140387 0.05354359788680121 1.2226040908748341e-5 83.1 123.69000000000142
0.5 -15.91788809907931 5.419057913513825e-7 60.35760163875 13.540928581277967 0.900792525846731 0.015821758274123132 253.75 39.587500000001455
0.6 -17.74524244883625 0.0 28.957222529400003 8.107236866871972 0.5067465745965216 1.1102230246251565e-16 118.0 0.0
0.7 -19.81485375166089 0.0 15.270247931 8.541927381146536 0.35405261816986205 2.7755575615628914e-17 69.45 1.1474999999991269
0.8 -22.00635152755614 0.0 8.77797015925 6.5172808197815755 0.2700975867330726 -1.3877787807814457e-17 49.7 1.3099999999999454
0.9 -24.272553804891032 3.410605131648481e-13 5.35055559525 0.8394924560196664 0.21578005696636354 0.0 39.8 0.3600000000003547
1.0 -26.58861024932698 -1.1368683772161603e-13 3.66926427645 0.36904687434318184 0.17768594661916723 6.938893903907228e-18 32.15 1.0275000000001455
1.1 -28.93982988335636 0.0 2.8490036068999998 0.0710918645515406 0.14957448207744745 1.5959455978986625e-16 29.25 1.6875
1.2 -31.316870569674798 -2.2737367544323206e-13 2.3580254273000003 0.06408167811660803 0.128067798531241 2.42861286636753e-17 26.15 1.0275000000001455
1.3 -33.71347212143729 2.2737367544323206e-13 2.0729872442 0.040990301872088075 0.11115796279820614 8.673617379884035e-18 21.8 0.36000000000001364
1.4 -36.12526748327879 4.547473508864641e-13 1.85464070775 0.03198091324269736 0.09757119491398164 6.938893903907228e-18 20.9 0.9900000000000659
1.5 -38.54911062969519 -6.821210263296962e-13 1.6875832663499999 0.030205315236460084 0.08645934803426172 8.673617379884035e-19 20.2 0.36000000000001364
1.6 -40.982674315352476 -6.821210263296962e-13 1.56112233995 0.028447060096202126 0.07723589103778439 1.438085761584773e-15 18.05 0.8474999999999682
1.7 -43.42419818398821 2.2737367544323206e-13 1.3959626838 0.022923856939881748 0.06948263126935464 1.8344700758454735e-15 15.7 0.910000000000025
1.8 -45.87232506055968 0.0 1.34124845055 0.011113143836511963 0.06289372308458756 1.1050188541972261e-15 14.8 0.9599999999999795
1.9 -48.32599118912118 0.0 1.2704399579 0.008033915794407154 0.05724066876200103 3.668940151690947e-16 14.5 0.75
2.0 -50.78435064108326 -9.094947017729282e-13 1.2412608318500005 0.013658889283661768 0.052349499577149905 1.6436504934880247e-16 14.5 0.75
