Gamma, E, varE, T, varT, dimension, vardimension 
0.0 -12.5 0.0 1.2083883352999998 19.757005486204026 0.0 0.0 1.0 0.0
0.1 -12.625313110577641 9.890754881780595e-12 0.27540985465 0.0025381032410641824 0.00013479317416252183 1.7032844758856124e-9 4.8 2.16
0.2 -13.005130178288297 2.3179040908871684e-9 0.29626122365000007 0.0028329067758956633 0.0014896348995679092 2.660564838384022e-7 6.35 5.627500000000005
0.3 -13.65239115411462 3.8793785961388494e-8 0.33255301345 0.006336064491328147 0.006973467921885107 3.6028972944840594e-6 7.8 5.8600000000000065
0.4 -14.59596438618351 1.8065479991946631e-6 0.4148126402500001 0.004918225335289933 0.03674029309447347 0.00016132752510494733 14.8 0.9599999999999795
0.5 -15.917997358365383 1.7053025658242404e-13 0.45098526660000005 0.004653211144049846 0.9357693355025969 4.455085189647434e-10 16.0 0.0
0.6 -17.745198138079378 8.57767190609593e-11 0.4524693191499999 0.00513419745381738 0.5050945778486283 1.0931767296940009e-7 16.0 0.0
0.7 -19.81478954184393 1.6673880054440815e-9 0.4479853549 0.004111925028875002 0.35266860994967547 6.757991567879484e-7 16.0 0.0
0.8 -22.006312291092293 -2.2737367544323206e-13 0.44213284050000007 0.005253652684871352 0.269354306498028 0.0 16.0 0.0
0.9 -24.235509357374443 3.410605131648481e-13 0.38854322175000006 0.004072291029201314 0.10789002853747805 0.0 11.0 0.0
1.0 -26.555717978166523 -3.410605131648481e-13 0.3643926854 0.0031488845819266365 0.08884297353169454 -1.734723475976807e-18 9.1 0.09000000000001762
1.1 -28.910213156498003 -4.547473508864641e-13 0.35581958589999996 0.002992506498836811 0.07478724273764101 3.469446951953614e-18 9.0 0.0
1.2 -31.28991332489328 2.2737367544323206e-13 0.33443661010000003 0.0019366514397091555 0.06403390009672441 -2.6020852139652106e-18 7.0 0.0
1.3 -33.688722146477026 -2.2737367544323206e-13 0.3342014658 0.0032836740285220045 0.05557898199974305 -1.734723475976807e-18 7.0 0.0
1.4 -36.10238169480503 -9.094947017729282e-13 0.33822138055 0.003118749762492684 0.04878559874053782 -8.673617379884035e-19 7.0 0.0
1.5 -38.52782186120265 2.2737367544323206e-13 0.32096875249999995 0.0018882302787556482 0.043229675038520224 2.168404344971009e-19 7.0 0.0
1.6 -40.96277005769617 0.0 0.32604219045 0.0031376317228086342 0.0386179503950203 4.336808689942018e-19 6.0 0.0
1.7 -43.405506391158696 -4.547473508864641e-13 0.31034713594999996 0.0016883829131356526 0.034741326642253045 0.0 6.0 0.0
1.8 -45.854704345108814 0.0 0.31905483155000003 0.001977519093424099 0.03144688209612012 2.168404344971009e-19 6.0 0.0
1.9 -48.30932385123732 -9.094947017729282e-13 0.3194914072 0.0032828599773161854 0.028620351073472206 -1.0842021724855044e-19 6.0 0.0
2.0 -50.768537599109706 9.094947017729282e-13 0.3110843498 0.0020257040335270454 0.026174760909473526 0.0 6.0 0.0
