Numero de qubits: 100 
Dimension: 100 
Sweep   Energy  var(Energy)  
1  -126.83458341353801  0.0
2  -126.92307746396861  1.4210854715202004e-14
3  -126.93309635145718  1.4210854715202004e-14
4  -126.93867170915522  0.0
5  -126.94292121796028  1.4210854715202004e-14
6  -126.94616786787012  1.4210854715202004e-14
7  -126.94870502801973  0.0
8  -126.95079346909696  2.842170943040401e-14
9  -126.95258445881385  2.842170943040401e-14
10  -126.95427904998806  2.842170943040401e-14
Numero de qubits: 100 
Dimension: 200 
Sweep   Energy  var(Energy)  
1  -126.83458341353801  0.0
2  -126.92307746396861  1.4210854715202004e-14
3  -126.93309635145718  1.4210854715202004e-14
4  -126.93867088815098  0.0
5  -126.94288078563235  1.4210854715202004e-14
6  -126.9461938043971  1.4210854715202004e-14
7  -126.94872478550454  0.0
8  -126.95079110334856  1.4210854715202004e-14
9  -126.95259494265194  0.0
10  -126.95425594084801  1.4210854715202004e-14
Numero de qubits: 100 
Dimension: 300 
Sweep   Energy  var(Energy)  
1  -126.83458341353801  0.0
2  -126.92307746396861  1.4210854715202004e-14
3  -126.93309635145718  1.4210854715202004e-14
4  -126.93867088815098  0.0
5  -126.94288808133561  1.4210854715202004e-14
6  -126.94612953517034  1.4210854715202004e-14
7  -126.94869772229497  0.0
8  -126.9507937286324  0.0
9  -126.95261848620245  0.0
10  -126.95428732983262  0.0
Numero de qubits: 100 
Dimension: 400 
Sweep   Energy  var(Energy)  
1  -126.83458341353801  0.0
2  -126.92307746396861  1.4210854715202004e-14
3  -126.93309635145718  1.4210854715202004e-14
4  -126.93867088815098  0.0
5  -126.94288808133561  1.4210854715202004e-14
6  -126.94613507238742  1.4210854715202004e-14
7  -126.94869407684095  0.0
8  -126.95082059498093  0.0
9  -126.95266752924917  0.0
10  -126.95434462442533  0.0
Numero de qubits: 100 
Dimension: 500 
Sweep   Energy  var(Energy)  
1  -126.83458341353801  0.0
2  -126.92307746396861  1.4210854715202004e-14
3  -126.93309635145718  1.4210854715202004e-14
4  -126.93867088815098  0.0
5  -126.94288808133561  1.4210854715202004e-14
6  -126.94613945958511  2.842170943040401e-14
7  -126.94869861566107  0.0
8  -126.95082050448295  0.0
9  -126.95268930786793  0.0
10  -126.95439136467186  1.4210854715202004e-14
Numero de qubits: 100 
Dimension: 600 
Sweep   Energy  var(Energy)  
1  -126.83458341353801  0.0
2  -126.92307746396861  1.4210854715202004e-14
3  -126.93309635145718  1.4210854715202004e-14
4  -126.93867088815098  0.0
5  -126.94288808133561  1.4210854715202004e-14
6  -126.94613945958511  2.842170943040401e-14
7  -126.94870621445071  1.4210854715202004e-14
8  -126.95083237641572  1.4210854715202004e-14
9  -126.95271595651954  1.4210854715202004e-14
10  -126.95443149587524  2.842170943040401e-14
Numero de qubits: 100 
Dimension: 700 
Sweep   Energy  var(Energy)  
1  -126.83458341353801  0.0
2  -126.92307746396861  1.4210854715202004e-14
3  -126.93309635145718  1.4210854715202004e-14
4  -126.93867088815098  0.0
5  -126.94288808133561  1.4210854715202004e-14
6  -126.94613945958511  2.842170943040401e-14
7  -126.9487116094347  1.4210854715202004e-14
8  -126.95085421854262  0.0
9  -126.95274649542372  2.842170943040401e-14
10  -126.95446711965671  0.0
Numero de qubits: 100 
Dimension: 800 
Sweep   Energy  var(Energy)  
1  -126.83458341353801  0.0
2  -126.92307746396861  1.4210854715202004e-14
3  -126.93309635145718  1.4210854715202004e-14
4  -126.93867088815098  0.0
5  -126.94288808133561  1.4210854715202004e-14
6  -126.94613945958511  2.842170943040401e-14
7  -126.94871544645449  2.842170943040401e-14
8  -126.95087634061876  0.0
9  -126.95277013600233  0.0
10  -126.95449713493801  1.4210854715202004e-14
Numero de qubits: 100 
Dimension: 900 
Sweep   Energy  var(Energy)  
1  -126.83458341353801  0.0
2  -126.92307746396861  1.4210854715202004e-14
3  -126.93309635145718  1.4210854715202004e-14
4  -126.93867088815098  0.0
5  -126.94288808133561  1.4210854715202004e-14
6  -126.94613945958511  2.842170943040401e-14
7  -126.94871698502217  0.0
8  -126.95088593784394  2.842170943040401e-14
9  -126.95279220583794  0.0
10  -126.95451495444198  1.4210854715202004e-14
Numero de qubits: 100 
Dimension: 1000 
Sweep   Energy  var(Energy)  
1  -126.83458341353801  0.0
2  -126.92307746396861  1.4210854715202004e-14
3  -126.93309635145718  1.4210854715202004e-14
4  -126.93867088815098  0.0
5  -126.94288808133561  1.4210854715202004e-14
6  -126.94613945958511  2.842170943040401e-14
7  -126.94871698502217  0.0
8  -126.95089115992656  0.0
9  -126.95280054483035  0.0
10  -126.9545299659305  1.4210854715202004e-14
