Gamma, E, varE, T, varT, S, varS, dimension, vardimension 
0.0 -3.75 0.0 0.37995197499999994 0.034800076023945914 0.04479527550187428 0.018039190903594945 1.65 0.22750000000000048
0.05 -3.7612578340764165 1.7763568394002505e-15 0.5130311449999999 0.029949612095282463 0.12528604336538224 0.03955583001643573 5.15 0.827499999999997
0.1 -3.795126398947614 5.329070518200751e-15 0.4458854550000001 0.008206099934851413 0.0749467485487172 0.016289855519660397 5.7 0.21000000000000085
0.15 -3.8518991057681227 1.7763568394002505e-15 0.48950474499999996 0.013776436405936537 0.08898880105111548 0.02666014814304417 8.15 1.7275000000000063
0.2 -3.9320945555870104 3.552713678800501e-15 0.56370428 0.04388541298568671 0.1685633579967473 0.06289799828656684 10.75 1.4874999999999972
0.25 -4.03650974902658 1.7692514120426495e-12 0.718933715 0.10829932974165024 0.17065854175996714 0.05920752087539845 19.7 5.010000000000048
0.3 -4.166330637215037 3.4856739716815355e-10 0.997075115 0.0802944373602914 0.17640855990216422 0.08215936030931152 65.2 351.0600000000004
0.35 -4.323564043214337 2.5536689207683594e-8 2.088826305 0.25185197077253996 0.4970317258688093 0.07098693391940222 142.45 2532.8475000000035
0.4 -4.512469106514576 -3.552713678800501e-15 2.1874630900000005 0.22173342720085465 0.6742491245839285 9.142686607788164e-13 40.35 401.5274999999999
0.45 -4.73891964677197 1.4210854715202004e-14 1.5306583649999999 0.21080972675156984 0.5690975476888636 0.0 18.3 1.7099999999999795
0.5 -5.004096975121278 3.552713678800501e-15 1.25274664 0.26155342247277513 0.4234093173518942 8.326672684688674e-17 17.0 0.0
0.55 -5.299609247565739 3.552713678800501e-15 0.9614609649999999 0.0513447667524215 0.31775648597696793 -2.7755575615628914e-17 16.0 0.0
0.6 -5.616249568398779 0.0 0.7462117199999999 0.036002435849940895 0.2517348537641197 0.0 15.0 0.0
0.65 -5.947866514672372 0.0 0.70637449 0.042295825833356004 0.20808171127515532 -1.3877787807814457e-17 14.0 0.0
0.7 -6.290550872175006 -1.4210854715202004e-14 0.638799885 0.03804280994770043 0.17695517240980854 -1.3877787807814457e-17 13.0 0.0
0.75 -6.641702967256807 0.0 0.6701473850000002 0.022747858409153998 0.15347259552802422 6.938893903907228e-18 12.0 0.0
0.8 -6.9995100912954324 1.4210854715202004e-14 0.64178617 0.01344185373408413 0.13504333786169603 6.938893903907228e-18 11.0 0.0
0.85 -7.362659693686122 1.4210854715202004e-14 0.6338213799999999 0.02624617173271171 0.12016321121101854 -1.734723475976807e-18 11.0 0.0
0.9 -7.730172770101282 7.105427357601002e-15 0.547797545 0.013293360673751475 0.10788942698801303 0.0 10.0 0.0
0.95 -8.101301444306769 1.4210854715202004e-14 0.52652007 0.01099711786478208 0.09759487440332365 1.734723475976807e-18 9.0 0.0
1.0 -8.475463008620775 -1.4210854715202004e-14 0.5423772249999999 0.01615996608291498 0.08884288725213854 3.469446951953614e-18 9.0 0.0
1.05 -8.852195812533306 8.526512829121202e-14 0.5977101000000001 0.04588738712556689 0.08131833915674863 -8.673617379884035e-19 9.0 0.0
1.1 -9.231128835765677 -1.4210854715202004e-14 0.48215621999999997 0.0027028799252326596 0.07478722758557602 0.0 9.0 0.0
1.15 -9.611960150633433 1.4210854715202004e-14 0.613141965 0.04082488844882837 0.06907169247492474 -8.673617379884035e-19 8.0 0.0
1.2 -9.994441337489151 -5.684341886080802e-14 0.46489931 0.010315907604287938 0.06403389696810913 8.673617379884035e-19 7.0 0.0
1.25 -10.378365991395519 -1.4210854715202004e-14 0.43613836999999994 0.002151848441015153 0.05956524979394432 -8.673617379884035e-19 7.0 0.0
1.3 -10.76356110387928 4.263256414560601e-14 0.5559101949999999 0.06403704126867754 0.05557898126170646 4.336808689942018e-19 7.0 0.0
1.35 -11.149880504826104 0.0 0.51752805 0.026090537174516426 0.05200489843337687 1.3010426069826053e-18 7.0 0.0
1.4 -11.537199806130278 5.684341886080802e-14 0.4996363549999998 0.015453639889091597 0.048785598545859246 8.673617379884035e-19 7.0 0.0
1.45 -11.925412456926807 0.0 0.461206895 0.004481937562074517 0.04587368324693987 4.336808689942018e-19 7.0 0.0
1.5 -12.314426632972403 0.0 0.42223219000000006 0.010918682772334848 0.04322967498188549 -8.673617379884035e-19 7.0 0.0
1.55 -12.704162759801502 -2.842170943040401e-14 0.4422714900000001 0.007484400333863828 0.040820435600444495 0.0 6.0 0.0
1.6 -13.094551522879474 2.842170943040401e-14 0.45347287 0.015283582944893126 0.038617950377250944 -6.505213034913027e-19 6.0 0.0
1.65 -13.485532255849705 -5.684341886080802e-14 0.5553171600000001 0.04446055890961331 0.03659838198171948 -2.168404344971009e-19 6.0 0.0
1.7 -13.877051625120055 -5.684341886080802e-14 0.49334493 0.025508626836301007 0.03474132663624678 2.168404344971009e-19 6.0 0.0
1.75 -14.269062548752435 2.842170943040401e-14 0.45485832000000004 0.057753245380081614 0.033029223579534084 -4.336808689942018e-19 6.0 0.0
1.8 -14.661523302111373 2.842170943040401e-14 0.44801105999999996 0.020674192221312476 0.031446882093965185 -4.336808689942018e-19 6.0 0.0
1.85 -15.054396773500551 2.842170943040401e-14 0.5357964450000001 0.05524522314900038 0.029981099614839374 2.168404344971009e-19 6.0 0.0
1.9 -15.44764984110326 -1.4210854715202004e-13 0.41626854 0.004241969899489384 0.028620351072646055 1.0842021724855044e-19 6.0 0.0
1.95 -15.841252848673818 -2.842170943040401e-14 0.6162824200000001 0.07899646745551148 0.027354534430331184 5.421010862427522e-19 6.0 0.0
2.0 -16.235179162115976 5.684341886080802e-14 0.570002715 0.06347663193427833 0.02617476090913968 -1.0842021724855044e-19 6.0 0.0
