Numero de qubits: 20 
Layer   Time var(Time)
1  0.05883790265000003  0.23536425957092671
2  0.024113403200000005  0.04653821645918367
3  0.0306952932  0.05196164607698769
4  0.0052888006  0.0004559930185746708
5  0.00840258445  0.0035692576473314096
6  0.01344470515  0.0007869024551518616
7  0.046628011250000004  0.002834443845803386
8  0.12199534454999997  0.004091434674861883
9  0.48423128364999996  0.05915255055355249
10  1.259822354  0.06135422396373043
11  2.77982683335  0.06892606787380214
12  1.95240030185  0.035785983513940196
13  2.6680317043500006  0.18704208702441752
14  1.9525276277000003  0.03062989420876622
15  2.61483145445  0.16137964466121107
16  1.9584907582  0.03182300291101503
Total= 15.979568362600002
Varianza= 0.36973073369148357

Numero de qubits: 21 
Layer   Time var(Time)
1  0.0050787083  0.00018495774218969577
2  0.00489638905  0.00040512122564825885
3  0.005108102499999999  0.00044109097040559566
4  0.005850205449999999  0.00044435968104267453
5  0.007941556800000001  0.00044975709454088674
6  0.01428415145  0.0003509376775891235
7  0.04713887744999999  0.0020638578879363877
8  0.13131244469999998  0.004081608509676239
9  0.43326156150000006  0.06371845605089875
10  1.3541161823499999  0.03656022103372253
11  3.3571632535499996  0.02885386487697118
12  4.3497176051499995  0.038481190227601506
13  4.1648883845  0.09347791568831194
14  4.28969979545  0.053635717351332254
15  4.1432987704499995  0.068059493299658
16  4.2738884083499995  0.05797635470752559
Total= 26.587644397000002
Varianza= 0.18653899177035987

