Numero de qubits: 20 
Layer   Time var(Time)
1  0.033108759050000006  0.12363411263345694
2  0.00450415105  0.0004763890664657907
3  0.01099924815  0.026724694531285273
4  0.00547270825  0.0006197544917197353
5  0.010065854199999998  0.00759234868696668
6  0.01290028155  0.0007049829617773379
7  0.04345550595  0.002390257780525429
8  0.12574428215  0.005054805708606825
9  0.5054209184499999  0.0448523674850303
10  1.3347800517500001  0.049078402979305574
11  3.1290559912000004  0.05634287129329829
12  2.16534754945  0.042454984257933696
13  3.1094048905  0.11125260871325064
14  2.1684249034  0.024317143887162544
15  3.0893510721000004  0.11104454688000887
Total= 15.748036167200004
Varianza= 0.27160262375545935

