Numero de qubits: 20 
Layer   Time var(Time)
1  0.05943866420000001  0.23923775219467897
2  0.0042791827  0.0003978082410850861
3  0.004616691899999999  0.0006946546180286215
4  0.0053743620499999995  0.0006489099158341222
5  0.0073290696  0.0008032827901009332
6  0.013397917  0.001228716058582535
7  0.04540389555  0.0055148621644336634
8  0.12404894084999998  0.004882949462423223
9  0.48220838785  0.05393654139760477
10  1.2595516357999998  0.029093690407535285
11  2.8421767708  0.07695239386579623
12  2.0068046375999997  0.04044760027777004
13  2.8322335965999996  0.060529110103367215
14  2.005463956  0.04026239605141204
15  2.77783671685  0.136410111352681
Total= 14.470164425349997
Varianza= 0.3573351802265098

