Numero de qubits: 20 
Layer   Time var(Time)
1  0.06177656549999998  0.17125823600399165
2  0.0041653746  0.0002935944080682396
3  0.0057472040499999995  0.005045356385478498
4  0.00534388575  0.0004650065212282377
5  0.007603877999999999  0.000754706287254055
6  0.020473472149999998  0.027805752588417172
7  0.04825599945000001  0.004293382807458991
8  0.1230628546  0.005668838891436033
9  0.44213046089999997  0.07172649995367272
10  1.2456340650999997  0.013757139942184275
11  2.7279070855499996  0.06277996526464101
12  1.9576568004000001  0.043925204199259306
13  2.71689760725  0.11412599599725658
14  1.96348744505  0.06647172571702178
15  2.6722933038  0.15766930192211165
Total= 14.00243600215
Varianza= 0.2930735348863389

