Numero de qubits: 20 
Layer   Time var(Time)
1  0.048775366  0.14067582757059865
2  0.0045927762  0.0005760488986398289
3  0.0047357387  0.0005060614417656319
4  0.005317924699999999  0.0005096022094145688
5  0.0079133317  0.001657281166229439
6  0.014339317900000004  0.0023115334645449305
7  0.0477469921  0.003177202507672337
8  0.1241639207  0.0017923037231433758
9  0.49872586334999996  0.007088575115451002
10  1.1869200958000001  0.014592903217999203
11  2.4670319331000004  0.06597168799033354
12  1.7625175053499997  0.03885191363527022
13  2.4251373815  0.10352083146636792
14  1.77340265185  0.01896092738347566
15  2.4270419143000006  0.10048301346605487
Total= 12.798362713250006
Varianza= 0.22358286473132494

