Numero de qubits: 15 
Layer   Time var(Time)
1  0.05998892339999999  0.17044995728731607
2  0.0030707765500000003  0.00028501445800476063
3  0.0032766383500000005  0.0003999473594073694
4  0.004072512300000001  0.0012110911018257504
5  0.004757204700000001  0.00038043087720965806
6  0.008421727300000001  0.0011394137864136145
7  0.0212122511  0.003039834702683665
8  0.04071561024999999  0.00164078520640073
9  0.06531232750000002  0.04075086881578427
10  0.0493801583  0.0018572378573071921
11  0.050727730650000004  0.0021889364391491886
12  0.05053423965  0.006193159244408474
13  0.0607557059  0.034280446250289844
14  0.057896300649999996  0.035413457229297375
15  0.051011248749999995  0.004138530706850836
Total= 0.5311333553499997
Varianza= 0.1819839628556868

Numero de qubits: 16 
Layer   Time var(Time)
1  0.003457979  8.599895313897721e-5
2  0.0034785264500000004  0.000500262823780208
3  0.0037288271000000006  0.0009678519878919453
4  0.003932851199999999  0.0003828583155941111
5  0.00523093555  0.000538836667541146
6  0.010045164300000003  0.0015887592841661417
7  0.02663538385  0.001736485060541791
8  0.07609787579999999  0.03702453249807241
9  0.14979624095000005  0.047949690134697104
10  0.11535240715000002  0.04436907598009411
11  0.16309548665  0.06227951334846672
12  0.10838027815  0.031996862569953884
13  0.15397373590000002  0.05406777731587512
14  0.10087388984999998  0.003884154720045021
15  0.14709756394999998  0.04099240944668028
Total= 1.0711771458500006
Varianza= 0.07881875718778854

Numero de qubits: 17 
Layer   Time var(Time)
1  0.00386285425  0.00028619597256633
2  0.0037234015  0.0005383087969529663
3  0.0037511147  0.0003673124349636287
4  0.0042798884  0.00034593611441195314
5  0.0079901326  0.008987484437433316
6  0.011404330600000002  0.0015778461610315942
7  0.04250326924999999  0.04119167545770098
8  0.07325993509999999  0.005084230094604079
9  0.19502897580000003  0.06148759662108907
10  0.23734820365  0.06323486603930359
11  0.26194263715000005  0.07343279583306114
12  0.22033602744999997  0.04642025683717654
13  0.22034575835  0.05244749038916264
14  0.2450780540000001  0.06731880706816167
15  0.22202757985000005  0.05598901479763868
Total= 1.7528821626499997
Varianza= 0.08076264365329713

Numero de qubits: 18 
Layer   Time var(Time)
1  0.0042708489  0.0004488456617565665
2  0.00406599285  0.0006577575456042504
3  0.006424909049999999  0.0070516099379251155
4  0.0048586858  0.0006189300279734051
5  0.008172159650000002  0.005191352638206618
6  0.032580996550000005  0.04783976731114773
7  0.03501480405  0.0025476846700195556
8  0.11783277564999999  0.0484999569491326
9  0.34369953695  0.07329165925111138
10  0.7228905508500001  0.03661817158310379
11  0.4967331796499999  0.0746366865478416
12  0.6784037774  0.06598635888786086
13  0.46859386820000004  0.07375885717030253
14  0.7126405527000002  0.034466862910729874
15  0.5072550082999999  0.07493397559323967
Total= 4.143437646550001
Varianza= 0.13469917152000396

Numero de qubits: 19 
Layer   Time var(Time)
1  0.00443241295  0.0001654384117309143
2  0.0042191115999999996  0.0004001195975780741
3  0.0043053594  0.0002568750966404491
4  0.004909811050000001  0.0002740288460856767
5  0.0066895806  0.0006422310127627286
6  0.01201343905  0.0011613940147674033
7  0.03625648100000001  0.002715730122861899
8  0.10328975214999998  0.003708941486922088
9  0.37828166695  0.06966121482567847
10  0.8740550777500001  0.047032166589431885
11  1.0484814669  0.013978059553688986
12  1.1300758292500002  0.06987525704869388
13  1.0588547376  0.04633164085942334
14  1.1158091954  0.07218580927892788
15  1.0494262670499999  0.029959185702126055
Total= 6.831100188699999
Varianza= 0.11275918638647298

Numero de qubits: 20 
Layer   Time var(Time)
1  0.0049820854  0.0003148162924518679
2  0.004805508650000001  0.000579725024372441
3  0.0049817316500000005  0.0005492838916667114
4  0.00576365835  0.0006977024498701631
5  0.0084136784  0.0011257233654771673
6  0.013904208050000005  0.0015567376430031643
7  0.0523036912  0.030239058422909384
8  0.1745315122  0.07027661441208977
9  0.5105523804000001  0.07242148208154209
10  1.50823634345  0.0692866069549473
11  3.7820964261499994  0.07098996459911197
12  2.5472092456  0.04234934381234555
13  3.689769316150001  0.1932942797943121
14  2.53342878805  0.06825687073704223
15  3.7393654421999996  0.07633400167086103
Total= 18.580344015900003
Varianza= 0.285045551038164

