Numero de qubits: 20 
Layer   Time var(Time)
1  0.06072506474999999  0.168291394255574
2  0.00434904955  0.00040821729296435693
3  0.0047390954  0.00046642022822304793
4  0.005631479  0.0005665468405835478
5  0.007692030000000001  0.0007294103798360015
6  0.01579222505  0.0015098963106808514
7  0.0494454054  0.0062569551735661205
8  0.1259901271  0.002171472294342639
9  0.50299246515  0.03094050816419322
10  1.19367791935  0.013394855067784482
11  2.3946416969  0.05874154182576854
12  1.7177342160999998  0.06390956920271686
13  2.4228549097500003  0.08496230314187257
14  1.7586876077500004  0.03334639492741515
15  2.43059705145  0.07474106521865552
Total= 12.695550342699999
Varianza= 0.3123701182736371

