Numero de qubits: 20 
Layer   Time var(Time)
1  0.019306942600000005  0.06285784606569532
2  0.004357139800000001  0.0004252187205079993
3  0.0046632423  0.0003911492060270736
4  0.006577413350000001  0.0057035809631645834
5  0.007835959100000001  0.0007096795454403276
6  0.014645545649999998  0.002030564848000115
7  0.04628638645000001  0.0024273884556793236
8  0.13765404280000001  0.029238092255793262
9  0.46550369945000003  0.06764180160941728
10  1.26348631765  0.04100534936951637
11  2.8244842589  0.04453283099638201
12  2.0532333626000003  0.08240082990638194
13  2.7828706584999994  0.11539519394830014
14  1.9758458732000002  0.0897629994112186
15  2.7469759075000004  0.13254099477179082
Total= 14.35372674985
Varianza= 0.2615156385161272

