Numero de qubits: 20 
Layer   Time var(Time)
1  0.05990138339999997  0.1657782109175299
2  0.004512532750000001  0.00037640437811771997
3  0.0051179222  0.0018013755155067643
4  0.0051117811499999995  0.0003658477906946104
5  0.00782726365  0.0008484805491796658
6  0.014140781250000001  0.001256995431618742
7  0.051299324300000004  0.02914360499162067
8  0.13281288709999997  0.005732310887674751
9  0.5390000129  0.051480562439762366
10  1.58204881655  0.036866718382611935
11  4.016289196850001  0.05456187287509668
12  2.7303209441500007  0.07751136253652767
13  4.034583824149999  0.23079110245191464
14  2.7490370468  0.08797944648522653
15  4.028040531449999  0.19348092240208095
Total= 19.96004424865
Varianza= 0.45365359774942005

