Numero de qubits: 20 
Layer   Time var(Time)
1  0.058973963999999976  0.23606008068407128
2  0.0043707875500000005  0.00041319255389000845
3  0.00466501615  0.00047194413731916154
4  0.0053664927  0.00047671828160939027
5  0.0073926112  0.000541551845537027
6  0.0148019121  0.001566728168247986
7  0.04649786705000001  0.0028245337344086447
8  0.1254003993  0.004389057445260485
9  0.49417889755000005  0.039918835392292344
10  1.1958699189  0.043573892808447166
11  2.4917661615500006  0.07399346675223434
12  1.7784312724500002  0.04396873185553495
13  2.3960671488000007  0.1746202464179398
14  1.78654840475  0.023644258777828473
15  2.4840482484  0.08445979212913193
Total= 12.894379102449998
Varianza= 0.4205872188297789

