Numero de qubits: 20 
Layer   Time var(Time)
1  0.03248375130000001  0.12052986025542822
2  0.004494802249999999  0.0005235703821844658
3  0.004583167499999999  0.00047446556008002314
4  0.005364229449999999  0.0005536854439384763
5  0.0074035440499999996  0.0007872629125526921
6  0.015065648749999999  0.004717583852602239
7  0.05060947415  0.005475739618123138
8  0.13115258899999999  0.027941496003076202
9  0.5116992942499999  0.029775904480698962
10  1.27981122945  0.05095425507823299
11  2.8721720117  0.06862764134806748
12  2.0279229804  0.013203020558236285
13  2.7739697301499997  0.10933794620494199
14  2.0259686801999996  0.026774358321475025
15  2.78959454945  0.11999750102180397
16  2.01267330825  0.02032343890849253
17  2.74779422595  0.14507419259834442
Total= 19.292763216250002
Varianza= 0.23779526043621302

Numero de qubits: 21 
Layer   Time var(Time)
1  0.031751207000000004  0.11641182782426615
2  0.004644236250000001  0.00045959110797304107
3  0.004864737199999999  0.00048761357333882734
4  0.00554506155  0.0005174865342030143
5  0.007677011249999999  0.000747281266998235
6  0.013715404550000001  0.0005367602187893095
7  0.05070955090000001  0.004790042390158337
8  0.12982466225  0.0037442935122309513
9  0.55367675675  0.0034212453387925537
10  1.3999291888499998  0.009323568165583008
11  3.31756900285  0.02257184659544226
12  4.376792104550001  0.06051249022789558
13  4.332978203500001  0.06812038519060433
14  4.3880842839000005  0.05682546351895436
15  4.3823117224  0.015615697618608804
16  4.347218703600001  0.07248927514286385
17  4.371744596049999  0.04820427253639534
Total= 31.71903643340001
Varianza= 0.24239398148104932

