Numero de qubits: 20 
Layer   Time var(Time)
1  0.05876676224999999  0.16268029297373496
2  0.009077580200000001  0.009207176535423146
3  0.0052227392  0.002493092053136538
4  0.005443232199999999  0.0005675522118801582
5  0.007545457450000001  0.0007536899390185247
6  0.041595359600000006  0.04588203869575747
7  0.07496007065  0.04996388086333322
8  0.14220351165000003  0.05113778509452757
9  0.47696724835  0.05139664585454173
10  1.20627843695  0.026081785995665362
11  2.6893975239500003  0.06246613394616899
12  1.9079318568499999  0.015541765597321795
13  2.6188160987499995  0.15164147961030908
14  1.9098837788499998  0.05570587366301424
15  2.633434897600001  0.10230491303290896
Total= 13.7875245545
Varianza= 0.3567019878248853

Numero de qubits: 26 
Layer   Time var(Time)
1  0.006735867050000001  0.0009526672130212875
2  0.00591669175  0.0008685765935416909
3  0.0062105958499999985  0.0008824777619266264
4  0.007005093750000001  0.000998041639586038
5  0.01007242155  0.0008839736303124362
6  0.01900524495  0.0009297675037748136
7  0.07006983209999999  0.001568519564569627
8  0.2067917385  0.015510688833953632
9  0.7973313591500001  0.008615940369977884
10  3.395894537  0.06558710019358227
11  13.2075206719  0.13398579679035355
12  64.43954204185  0.350586579608948
13  229.27170022944998  0.5237517927270349
14  532.0645344523  2.866754209999211
15  377.77867826864997  1.311464363469906
Total= 1221.2870090458002
Varianza= 3.5797185947355765

Numero de qubits: 27 
Layer   Time var(Time)
1  0.0061578773499999994  0.0006286529930775225
2  0.00584979165  0.0008435353482939097
3  0.006203434650000001  0.0008962690722951047
4  0.007103833349999998  0.0008975018925369057
5  0.009976631  0.000994282247815076
6  0.0189681487  0.00027135076418044213
7  0.06978006140000001  0.0004105663758818298
8  0.20128500104999997  0.0018158598305194858
9  0.7401492250999999  0.005014081253823181
10  2.575426293099999  0.01822051478166007
11  12.38929252415  0.059059845675458564
12  67.30808987275  0.36889972104316215
13  253.21926373360003  1.1493766271295762
14  669.9270581121001  3.570074351052367
15  855.3168031662501  5.371994327506733
Total= 1861.801407706201
Varianza= 5.935749965575287

Numero de qubits: 28 
Layer   Time var(Time)
1  0.005669533800000001  0.0004123952088581535
2  0.0058858212  0.0005066969630026018
3  0.006778632550000001  0.0005695928858616017
4  0.00799849935  0.0004978189422308348
5  0.010190849800000002  0.0009066192293278143
6  0.020091783949999997  0.0008346119073322928
7  0.0785919784  0.0009668860747824627
8  0.22539902384999996  0.003536904378346033
9  1.0755526400000002  0.029001995445796642
10  4.15683288685  0.01811327067867823
11  16.266671215400002  0.1975442588859433
12  87.29285007720001  0.5692186309155483
13  352.9553364912  0.9158434989055936
14  1173.31724058255  4.346759565337641
15  3029.1289052082  14.20460818128001
Total= 4664.5539952243
Varianza= 17.883576338770744

