Numero de qubits: 20 
Layer   Time var(Time)
1  0.019130109499999996  0.06296323482909058
2  0.00467692385  0.0015534713208495124
3  0.00473668945  0.0005100764724007053
4  0.005566043099999999  0.0007683512543672262
5  0.0078717206  0.000997359651218476
6  0.013874576199999999  0.0015221879052134985
7  0.04571139695  0.003727149563550509
8  0.12065365955  0.0022509031542139583
9  0.4979173641  0.009356102152900931
10  1.1853461785000001  0.054699410257388455
11  2.6533151744  0.07637753407311865
12  1.88998250555  0.01576696731763748
13  2.5961360323  0.12260585573327296
14  1.8654971492999999  0.0349905965929136
15  2.63295269295  0.12250810739373737
Total= 13.5433682163
Varianza= 0.2330842900144023

