Numero de qubits: 20 
Layer   Time var(Time)
1  0.0485309533  0.13605554673169026
2  0.004563866750000001  0.0002962817836578676
3  0.0048870269  0.00040060465256932555
4  0.005846947149999999  0.0007891139726232374
5  0.007600832050000001  0.0008897068633306409
6  0.01799320925  0.007821824081909219
7  0.06927028905  0.046001909480008624
8  0.14152620315  0.0307482298393407
9  0.5796476613  0.04649883722768766
10  1.7349379138500005  0.045377944468030514
11  4.5397365914500005  0.06900972500148259
12  3.05990122575  0.06686728415781985
13  4.531879118099999  0.16332952915663107
14  3.03909957675  0.06750415949284876
15  4.402166180749999  0.31209747934038684
Total= 22.187587595549996
Varianza= 0.4182647915781773

