Numero de qubits: 20 
Layer   Time var(Time)
1  0.060252184649999985  0.2423741183470006
2  0.00464150035  0.0004119182392795049
3  0.0048587705500000005  0.00045568180962119554
4  0.00588945415  0.0007138405954184923
5  0.0087627295  0.004119794044135611
6  0.013466509750000003  0.001223590399581693
7  0.04463011775000001  0.002316655971144656
8  0.15154109795  0.056449955950379584
9  0.47390202585  0.06374613998369183
10  1.3325438536999998  0.057039414801027324
11  3.2378877363000003  0.05044284185956213
12  2.2362114603000003  0.04948864981148931
13  3.1957095551499997  0.12596840875207832
14  2.22740453935  0.05380752980061918
15  3.1916642075500006  0.1731137250456266
Total= 16.189365742850008
Varianza= 0.4206289327449388

