Numero de qubits: 20 
Layer   Time var(Time)
1  0.06093964780000002  0.16870204232644442
2  0.004504495400000001  0.00036911326381984706
3  0.0048028847  0.0005974573455905534
4  0.0053567317  0.00044435827271055726
5  0.008880975499999999  0.0032228742999284897
6  0.014470134249999999  0.001837302650625064
7  0.044079079949999996  0.0032197305818382153
8  0.12139926594999999  0.0026223138742367106
9  0.50306562485  0.014633012837336378
10  1.18660150895  0.0510714039092566
11  2.6870890030999997  0.3436333568069039
12  1.84809147695  0.052566152152298616
13  2.6396611649499997  0.25977942827829337
14  1.8597281031000001  0.020932969945176353
15  2.55997747475  0.09428728197212423
Total= 13.548647571900002
Varianza= 0.46611756448526487

