Numero de qubits: 20 
Layer   Time var(Time)
1  0.04949686795000001  0.13910793841176256
2  0.0044792105  0.00042409308256590334
3  0.0047412668  0.0004630380802912003
4  0.005429370550000001  0.0004803940859810282
5  0.008435464000000002  0.0025367588816932332
6  0.0149783997  0.001430634975793235
7  0.04423892199999999  0.003730515333954145
8  0.1203481659  0.002038584940723685
9  0.4780407715999999  0.0487355897538594
10  1.1253782003500001  0.06064527545864863
11  2.5177496662999994  0.06333025511026252
12  1.8246639865000003  0.04330784957410264
13  2.4715133495500003  0.1257005905530904
14  1.8134468570000006  0.026085315349347667
15  2.5133664640499997  0.09837863420108581
Total= 12.996306962750003
Varianza= 0.2450977243920247

