Numero de qubits: 20 
Layer   Time var(Time)
1  0.05965279360000001  0.16655525520972966
2  0.004333272700000001  0.0004645026251088469
3  0.004171748750000001  0.00034640389850676835
4  0.0060420970499999995  0.0027788670389901253
5  0.0070861406000000005  0.0007269427147891641
6  0.015243827399999998  0.0020141902482329064
7  0.061589016499999996  0.03917066413983076
Total= 0.15811889660000006
Varianza= 0.17642193512185003

Numero de qubits: 21 
Layer   Time var(Time)
1  0.004557816000000001  0.00034994625577865516
2  0.0046434137000000006  0.0009237969795623982
3  0.004450657750000001  0.000312473248925708
4  0.005519553999999999  0.0006230094067736858
5  0.007464019600000001  0.0007169530813213933
6  0.015178875999999997  0.0007672379526333403
7  0.05694240415  0.007675345447394074
Total= 0.0987567412
Varianza= 0.007740970803510526

Numero de qubits: 22 
Layer   Time var(Time)
1  0.004724754700000002  0.00047407170506602695
2  0.0048308007  0.0005661718294791873
3  0.004766212549999999  0.00042191651932929527
4  0.006003724800000001  0.0009979312528562074
5  0.008304887399999999  0.0008129374050287267
6  0.01649781  0.000922213216469543
7  0.0707588223  0.031697069879355035
Total= 0.11588701245000002
Varianza= 0.032687229525196114

Numero de qubits: 23 
Layer   Time var(Time)
1  0.004865531249999999  0.00037924953518321883
2  0.006306315050000001  0.004517842892700901
3  0.00508536655  0.0006818068236711536
4  0.0058456572  0.0005177779124339507
5  0.015585240349999998  0.028178628164752386
6  0.017334721399999996  0.0012816976987228073
7  0.07240894480000001  0.03488986471465555
Total= 0.12743177660000002
Varianza= 0.04829955038104726

Numero de qubits: 24 
Layer   Time var(Time)
1  0.0051997318  0.00036735117150617604
2  0.00516855465  0.000518593690536944
3  0.005409517650000001  0.0008554527635806827
4  0.006483631050000001  0.0007701793852079836
5  0.009216551849999997  0.0013998793454423949
6  0.019342689750000003  0.002190768104888486
7  0.0805678425  0.03352405735746301
Total= 0.13138851925
Varianza= 0.034023271569104556

Numero de qubits: 25 
Layer   Time var(Time)
1  0.005462039199999999  0.0004579317999535084
2  0.0055845966  0.0007661505779994165
3  0.00565732135  0.0005727260850872148
4  0.0068439776  0.0010064018476675406
5  0.010007216099999999  0.0014319655939212328
6  0.020474419799999997  0.0035774533948122454
7  0.0875070108  0.04677667712300414
Total= 0.14153658145
Varianza= 0.048006651956932545

Numero de qubits: 26 
Layer   Time var(Time)
1  0.0065226711  0.004138458870582526
2  0.0058302978  0.0006362301904298161
3  0.01233363555  0.028333171102812225
4  0.0073120780499999994  0.0007824444556661178
5  0.0119145685  0.008054009338663033
6  0.028438131900000004  0.02905354468148376
7  0.08529896374999998  0.004323501236259762
Total= 0.15765034664999994
Varianza= 0.04926699965191106

Numero de qubits: 27 
Layer   Time var(Time)
1  0.005785406850000001  0.00028179136872911396
2  0.0061708067500000005  0.0005888215977574936
3  0.006243660200000001  0.0009258917378804391
4  0.008947713700000002  0.006023810874377913
5  0.010899085050000003  0.002518735794408169
6  0.028004186549999997  0.02774858468960484
7  0.0861157016  0.007118225416312006
Total= 0.1521665607
Varianza= 0.03616071170355104

Numero de qubits: 28 
Layer   Time var(Time)
1  0.005999791249999999  0.0004486467172471984
2  0.007464341750000001  0.0048848440689155245
3  0.006129791650000002  0.0003554214225460074
4  0.01437821605  0.027716940223252762
5  0.0112646481  0.002183484580397533
6  0.0228214501  0.002552019233276052
7  0.0958587642  0.03087506583874183
Total= 0.16391700310000004
Varianza= 0.04302862642230005

Numero de qubits: 29 
Layer   Time var(Time)
1  0.00626766465  0.00036384576829575407
2  0.0064019457500000005  0.000600252331367557
3  0.0064038049000000015  9.094748654630321e-5
4  0.008399562150000001  0.000897285104887364
5  0.01163621855  0.001879728371590786
6  0.024162936949999998  0.0034217261353537555
7  0.1044644914  0.045328617177496845
Total= 0.16773662435000003
Varianza= 0.046326577599819806

Numero de qubits: 30 
Layer   Time var(Time)
1  0.0065743582  0.0003931482454953348
2  0.006721392749999999  0.0006770174073564781
3  0.007105184249999999  0.0009038008362273114
4  0.010495836  0.006252259235338575
5  0.012086947649999999  0.0015175277880110887
6  0.025265542499999998  0.0038854022167588843
7  0.11119540359999998  0.04267600093043395
Total= 0.17944466494999994
Varianza= 0.04338087996646067

Numero de qubits: 31 
Layer   Time var(Time)
1  0.006993092699999999  0.0005616035818164
2  0.007009129900000001  0.0009208658220213682
3  0.007729101  0.0011992443724810635
4  0.008610111149999999  0.0008928516162890828
5  0.012462589100000001  0.001056666860739273
6  0.024876830500000002  0.0011115414846116854
7  0.10781544085000003  0.034210685961167636
Total= 0.1754962952
Varianza= 0.03498444225037383

Numero de qubits: 32 
Layer   Time var(Time)
1  0.0072199947  0.0006033464095395034
2  0.0083837972  0.00508808536012845
3  0.0077142177000000004  0.0007589322871910313
4  0.015468036499999999  0.02780124334485809
5  0.014479198799999999  0.003356469066506536
6  0.028237569849999998  0.004821779432760216
7  0.12044565580000002  0.04378508505862186
Total= 0.20194847055000004
Varianza= 0.05222637750072934

Numero de qubits: 33 
Layer   Time var(Time)
1  0.008530955250000001  0.00424036098109096
2  0.007282437849999999  0.0007950255348405657
3  0.014023488950000001  0.027591646993910552
4  0.009724653099999998  0.0008570300918799703
5  0.013555035400000002  0.000908253781991267
6  0.029379629850000005  0.006145427958586157
7  0.10989443175  0.009119810200870368
Total= 0.19239063215000002
Varianza= 0.032417964002600025

Numero de qubits: 34 
Layer   Time var(Time)
1  0.00760196125  0.00040797612897899757
2  0.0075791738  0.0007020837571435189
3  0.010289956000000001  0.00836414927725932
4  0.010384259049999999  0.002228796118403733
5  0.021660311199999997  0.028835226796487475
6  0.029059673899999992  0.0036006896398272214
7  0.12979644119999997  0.04197229894001979
Total= 0.2163717764
Varianza= 0.053816248724507895

Numero de qubits: 35 
Layer   Time var(Time)
1  0.008382330999999998  0.0007323931100075285
2  0.007707958149999999  0.0007056458739707385
3  0.008935553149999999  0.0009576700060800834
4  0.01044844005  0.001948343708319825
5  0.014826726650000002  0.0012220691310401092
6  0.0312459347  0.004725093332502737
7  0.14824543725  0.05649780268347893
Total= 0.22979238094999993
Varianza= 0.058518678843040926

Numero de qubits: 36 
Layer   Time var(Time)
1  0.008149829600000002  0.0005001348538336836
2  0.009901591050000002  0.007284070901784075
3  0.00917329515  0.0010370164244426546
4  0.016984733249999995  0.027915265151353254
5  0.018547485349999997  0.007198927960696866
6  0.037887342500000004  0.02755668502946444
7  0.14068580505000003  0.042418262471826604
Total= 0.24133008195
Varianza= 0.05786082994661417

Numero de qubits: 37 
Layer   Time var(Time)
1  0.00998040235  0.005407416912482903
2  0.008374736899999999  0.0007380542258909502
3  0.016149513250000004  0.02802804418246468
4  0.011239119149999997  0.0029464232680719224
5  0.021731856549999998  0.0278685932823672
6  0.0351187136  0.007937745218131736
7  0.14201898549999997  0.046092590403311276
Total= 0.24461332730000002
Varianza= 0.0573531453714675

Numero de qubits: 38 
Layer   Time var(Time)
1  0.0089992041  0.0007057902051789826
2  0.0084808602  0.000531791578944477
3  0.009887953500000001  0.00114836556702918
4  0.011382756150000003  0.0026182878986216406
5  0.022116770999999997  0.027877182499994334
6  0.034669583749999996  0.005410589764590888
7  0.16113208125  0.052637220645352
Total= 0.25666920995000003
Varianza= 0.05721597482380429

Numero de qubits: 39 
Layer   Time var(Time)
1  0.015577389950000001  0.027655976314901666
2  0.008904205049999999  0.0009572749616896638
3  0.0102288278  0.00100453070276441
4  0.011872849299999998  0.002702301830351526
5  0.025600273200000002  0.027909656627382477
6  0.0355656136  0.006907602564783185
7  0.15903172825000003  0.05242495400851608
Total= 0.26678088715000003
Varianza= 0.058497430908533696

Numero de qubits: 40 
Layer   Time var(Time)
1  0.0093801656  0.0005336653937506535
2  0.009418419100000002  0.0011562342554973844
3  0.0105077625  0.0008770002719807161
4  0.0127621661  0.002652905893112718
5  0.02022972725  0.007372571580485014
6  0.0460380337  0.027488838130902218
7  0.18007267740000002  0.057460360156318294
Total= 0.28840895164999997
Varianza= 0.05976309012016057

Numero de qubits: 41 
Layer   Time var(Time)
1  0.0097655751  0.0005879399966054274
2  0.0094443382  0.0007730937435240695
3  0.010848934549999998  0.0009226625240589042
4  0.013392520900000001  0.003313342882915046
5  0.020092880199999996  0.007414367604612808
6  0.05219727945  0.04362593473556423
7  0.178819377  0.05797061098063102
Total= 0.2945609053999999
Varianza= 0.06654992965472732

Numero de qubits: 42 
Layer   Time var(Time)
1  0.0164435229  0.027719291449538812
2  0.009834165300000001  0.0009889126930139535
3  0.012735282050000001  0.006582940200939869
4  0.0126171596  0.001240053827255188
5  0.026681808350000003  0.027767688395655243
6  0.04163702085  0.009574768562459438
7  0.18774213815  0.0577058421499015
Total= 0.30769109720000004
Varianza= 0.06495760602603502

Numero de qubits: 43 
Layer   Time var(Time)
1  0.011312718  0.0050990847234986805
2  0.010009921550000002  0.0007073065573024524
3  0.01870845125  0.027892414334676697
4  0.012956659450000001  0.0018646973807216675
5  0.0191363612  0.0033822203462802896
6  0.042129289  0.008197531736438267
7  0.17747050445  0.037482572546968344
Total= 0.29172390490000005
Varianza= 0.04656267819827216

Numero de qubits: 44 
Layer   Time var(Time)
1  0.010512601949999999  0.0005726754462413657
2  0.011658972049999999  0.006537518748157686
3  0.013983973449999998  0.006508121573735132
4  0.022398732  0.02845372650734249
5  0.03344482765  0.03815516228820962
6  0.04437531185  0.009688977488834651
7  0.17080188635  0.008397375798530582
Total= 0.30717630530000006
Varianza= 0.05532781722754772

Numero de qubits: 45 
Layer   Time var(Time)
1  0.011793445550000003  0.0043150191548413375
2  0.0170937518  0.028080164432514088
3  0.0132543715  0.002410626535094404
4  0.015287008349999997  0.005095193604392863
5  0.020016833850000002  0.0037076791927070523
6  0.04123212195  0.0017190971381375886
7  0.21883970890000004  0.06696947961236108
Total= 0.3375172419
Varianza= 0.06814991803238475

Numero de qubits: 46 
Layer   Time var(Time)
1  0.012018245399999999  0.0043018148025631515
2  0.01783846935  0.02818879085013547
3  0.012674502399999999  0.002323071289191927
4  0.014787818600000002  0.004103626655838764
5  0.02123135215  0.003528218020527392
6  0.052274582849999994  0.03179684682548024
7  0.21153678130000003  0.061975339430527306
Total= 0.34236175204999997
Varianza= 0.06812546311726222

Numero de qubits: 47 
Layer   Time var(Time)
1  0.017748276449999996  0.02784117894941342
2  0.01132993935  0.0009684784933942661
3  0.01308231765  0.0014376466660389218
4  0.015485687749999996  0.004046881059795146
5  0.021936416099999995  0.00399135402582254
6  0.05056208404999999  0.011577678907436184
7  0.20944856779999999  0.05995287292605662
Total= 0.3395932891500001
Varianza= 0.06264772773599504

Numero de qubits: 48 
Layer   Time var(Time)
1  0.011925405500000002  0.0006938345679167695
2  0.0117356607  0.001359277319910036
3  0.013334361950000003  0.0014158855749666873
4  0.0183875047  0.008003068980511034
5  0.027748742949999995  0.02782727809496962
6  0.049417485649999995  0.011033620952580024
7  0.22088334850000005  0.060405375013162656
Total= 0.3534325099499999
Varianza= 0.06284882432468053

Numero de qubits: 49 
Layer   Time var(Time)
1  0.01307321305  0.004573096391050176
2  0.018572368250000002  0.028213118667292862
3  0.0144724844  0.0025947621395022396
4  0.016588009849999998  0.005092581492210177
5  0.022875480499999996  0.0035939546538402314
6  0.05073597555  0.009630152804568382
7  0.22673779409999995  0.05967283050632094
Total= 0.3630553256999999
Varianza= 0.06311349475656193

Numero de qubits: 50 
Layer   Time var(Time)
1  0.0122905042  0.0008158397301291228
2  0.012586378300000001  0.001148559264754897
3  0.014485323149999998  0.003293904563828911
4  0.01769254175  0.005025471716219552
5  0.024283175100000002  0.005638926416429283
6  0.04729996705  0.00592006329385045
7  0.24086478395  0.06439107228434872
Total= 0.36950267349999993
Varianza= 0.06223788033784322

Numero de qubits: 51 
Layer   Time var(Time)
1  0.01280747505  0.0009804275396983436
2  0.012482809500000002  0.0011856186725613977
3  0.018116213799999996  0.008143159869638582
4  0.023128947700000006  0.028490278031502766
5  0.022909710049999997  0.0034008177092106754
6  0.05160036844999999  0.0074604936960160975
7  0.2439635125  0.06751761416252014
Total= 0.38500903705000006
Varianza= 0.0689764571016681

Numero de qubits: 52 
Layer   Time var(Time)
1  0.013253293499999999  0.001044149977724106
2  0.012906458399999998  0.0009915441794000103
3  0.017761220299999998  0.007758358610979241
4  0.022716548649999994  0.028202572743303653
5  0.02483932855  0.003691935411717538
6  0.05379384690000001  0.007842289986339257
7  0.25146627979999997  0.06615337391336439
Total= 0.3967369760999999
Varianza= 0.06691594420657744

Numero de qubits: 53 
Layer   Time var(Time)
1  0.013449019349999999  0.0009398154844362949
2  0.013334622599999998  0.0012349164232135874
3  0.018511753750000005  0.010004541786319798
4  0.032675210499999996  0.03871460275529986
5  0.030904910400000006  0.027772335909951925
6  0.05359533255  0.009014917225915086
7  0.24724702875  0.05786665114598841
Total= 0.4097178779
Varianza= 0.06292539409754674

Numero de qubits: 54 
Layer   Time var(Time)
1  0.02092302975  0.02811906053845251
2  0.015560609400000003  0.0065724191035365625
3  0.016556878249999997  0.006907420651242025
4  0.030797836299999992  0.037820602870862745
5  0.025672961600000006  0.003302431259064834
6  0.05650814184999999  0.010230605224042193
7  0.25242970165  0.06256345075002437
Total= 0.4184491588
Varianza= 0.06761451102620662

Numero de qubits: 55 
Layer   Time var(Time)
1  0.020281382250000007  0.02783781806855561
2  0.0143571474  0.0013208812846527277
3  0.01808194535  0.007965069902036083
4  0.02482562305  0.02819572476417339
5  0.025486656999999996  0.0025187937953387728
6  0.059943715200000004  0.012506442147351679
7  0.2690554811  0.07012362837680552
Total= 0.4320319513500001
Varianza= 0.06633455681745144

Numero de qubits: 56 
Layer   Time var(Time)
1  0.013805020400000003  0.000866869626249207
2  0.015044430900000003  0.0014356229815396487
3  0.01586673895  0.0018503739594850678
4  0.018874122250000003  0.0014160764972453597
5  0.03146754825  0.008923299162739682
6  0.0579768002  0.011034251922624458
7  0.25278627615000004  0.0531189365187617
Total= 0.4058209371
Varianza= 0.050770842272563954

Numero de qubits: 57 
Layer   Time var(Time)
1  0.014378508949999999  0.000779456775354764
2  0.014498396350000001  0.0007464474089213034
3  0.017493946900000005  0.0013252395456101473
4  0.02049724225  0.004558206812931341
5  0.029249983399999995  0.006066279106519476
6  0.053817762899999996  0.0029349407538860456
7  0.2513224837  0.048667734410064833
Total= 0.40125832445
Varianza= 0.04832098701148436

Numero de qubits: 58 
Layer   Time var(Time)
1  0.014562575850000004  0.0004742713394908315
2  0.01541386535  0.0005831280469854181
3  0.017225081899999998  0.0017557516527422063
4  0.020716671649999997  0.003314628202166153
5  0.02941724925  0.0047393624421873766
6  0.0564359789  0.0015500862212881217
7  0.30726877005  0.07245548870687941
Total= 0.4610401929499999
Varianza= 0.06946098185051432

Numero de qubits: 59 
Layer   Time var(Time)
1  0.014862540649999997  0.0005287492560170913
2  0.0156797201  0.0007063288345503035
3  0.02014065115  0.006140358429228634
4  0.020753292899999998  0.00447124167791051
5  0.028794780849999996  0.0056587208373197065
6  0.05890247080000001  0.00461118897131258
7  0.30319398124999997  0.07241665047409046
Total= 0.46232743770000007
Varianza= 0.06524344212393347

Numero de qubits: 60 
Layer   Time var(Time)
1  0.015034962749999997  0.0003910071362266775
2  0.017195451499999997  0.0016704393380826646
3  0.01842751515  0.0051450367453220805
4  0.01964134085  0.002742416743443751
5  0.030561791100000003  0.005343997174358394
6  0.061949314199999994  0.007085443341057252
7  0.31424170035000004  0.072056839558597
Total= 0.4770520759
Varianza= 0.06461462433291952

