0.0038593488302782765
0.0038251565266119373
0.0037921510361761217
0.003783155003867992
0.0037320854563409156
0.0036970143507722006
0.0036773610109170902
0.0036750168772238714
0.0036307729491000806
0.00362180327515266
0.0036126466712446503
0.003576340752412621
0.003567638451643223
0.00355109767872785
0.0035304708474945662
0.003494716015491294
0.0034728313662587273
0.0034645084684496465
0.0034539925939956347
0.0034286187129201266
0.003419012012213685
0.0034019769968225357
0.0033874039878053824
0.003375235781851837
0.0033556735428704352
0.0033311072484569267
0.0033194695625975343
0.003305754413064339
0.003293342694357142
0.0032806325425174727
0.0032749706459679353
0.00324333589235014
0.003240460054533594
0.003229041471188281
0.0032218846945411494
0.003214336554912713
0.003190326568839378
0.0031794962358241575
0.0031608139980501757
0.003147589051394864
0.0031364454091068602
0.0031300440278628646
0.0031237011558629714
0.003105606345686691
0.003095936291861147
0.003080031902549096
0.0030729224619308634
0.0030572807249934853
0.0030473227888114657
0.003043175315730701
0.0030295333426844403
0.003012107889465592
0.003004108919073401
0.0029951324599067214
0.0029748568840174063
0.0029720718834453986
0.002956312652615861
0.002946210302768207
0.0029383561122705744
0.0029264788485576366
0.0029210317269857382
0.0029137207473076306
0.002901665338313402
0.002887430445315595
0.0028741158903225123
0.002867647703951928
0.0028530835393153872
0.002848557924129733
0.0028318125251602325
0.002822897042066209
0.002818585631580593
0.002802994755825672
0.0027984833808552354
0.002794197043625632
0.002779181655824178
0.00276837735891505
0.002761008129409677
0.002750208157863761
0.002739745988958771
0.0027379413730444376
0.002725197152942757
0.002715624021300673
0.0027105425110220877
0.002704438531138607
0.0026949632019921993
0.002687659768261421
0.0026736221899004695
0.0026687919277573083
0.0026594361317723407
0.0026502420887403893
0.0026414190236702787
0.002634750417121291
0.0026226490265594915
0.002612574166210346
0.0026050888838593522
0.0025978343689434255
0.0025850296875798567
0.0025761654731561614
0.002571005907286512
0.002560392504081776
0.0025520618361967165
0.0025433857199561186
0.0025384285372815913
0.0025324151390667964
0.002512581437332189
0.002507945396157717
0.0024967477220756125
0.002489264494425943
0.002482741418994474
0.0024717029166981498
0.0024692799337001086
0.0024587005418363317
0.0024551723860039803
0.00244823633672619
0.0024372852675292526
0.002432939423082427
0.0024235866148377143
0.002417920891554155
0.0024112367402670297
0.0024019299240129505
0.0023947224135781146
0.0023824956542028105
0.002378302149144529
0.0023701761305260165
0.0023667299397400476
0.002352370935601837
0.002349788040809401
0.002344167079247855
0.002330791273894786
0.002325971388544312
0.0023225516987541712
0.002314925597790476
0.002307616452859723
0.002298787930220191
0.0022857720263042163
0.0022811309612162894
0.002271611286652438
0.0022669426920246018
0.002256804282974315
0.0022519606671424397
0.0022490492303357183
0.0022419251749558897
0.0022372606409909544
0.0022333288090756937
0.002224751306228548
0.00221794020824731
0.002213371067898765
0.0022035257074065856
0.0021994874723564074
0.00218732648548175
0.0021828592257501288
0.002177749253376054
0.0021694895595118797
0.002164683283012473
0.0021570261565206153
0.0021458669959544406
0.00214317929131498
0.002138303145772938
0.0021329715515609215
0.002125336842229599
0.0021207284386440366
0.0021151697883890013
0.0021073943453332827
0.0020986468494169816
0.0020925643720076338
0.0020823020362391665
0.0020773031580511893
0.0020665256817663682
0.002060117162212653
0.0020532301317480613
0.0020487932967259365
0.0020448018521111388
0.002037216688652607
0.002029478422239313
0.0020262539546577114
0.0020174071020847726
0.002013304834638821
0.0020062306217714216
0.0020010781637216837
0.001995866689097203
0.001989589401864913
0.0019856662027719716
0.0019739708761834875
0.0019696319690732235
0.0019654444834885892
0.0019623286908920724
0.0019540234268160686
0.0019440432272599178
0.0019366334888908099
0.0019341671558224186
0.0019261639382391507
0.0019167148268931537
0.0019108602942555606
0.0019064753970120902
0.0019015766914441893
0.0018927425868240319
0.0018896312913182544
0.0018815121711894646
0.001877805073269688
0.001872350494333314
0.0018655941248593019
0.0018616738812487724
0.001852295596390228
0.0018488303018277387
0.0018421002377203416
0.0018374973339261279
0.0018291994665835482
0.00182616929625554
0.0018200245436022146
0.0018148631234680013
0.0018100588011536398
0.0018079295172586766
0.0018028755600277798
0.001799441620714122
0.0017922581571739858
0.0017835756270804645
0.0017804580667463747
0.0017711071608878832
0.0017630479367888047
0.0017578892821373943
0.001752745008258912
0.001747415853404521
0.0017391111596852741
0.0017307604173758023
0.00172705406172943
0.001724166340006582
0.001720185068353725
0.0017166020133959862
0.0017089251575860816
0.00170335409158178
0.0016972680712588238
0.0016949605457916418
0.00168840214267247
0.0016833283702841718
0.0016795940306834375
0.0016766819327555134
0.0016712727186338147
0.0016651362746907942
0.001661871725092903
0.0016591112489096156
0.0016503648053179745
0.0016444755147044599
0.0016399625000769265
0.0016370449664832667
0.001630158752203207
0.0016236636824836965
0.001620870843957296
0.0016112891963878952
0.0016076312436186415
0.0016030258164391358
0.001598920613005162
0.0015933770818291873
0.0015902264470337838
0.0015837037284349943
0.0015777172546239141
0.0015719381493390127
0.0015663502422706321
0.0015603420676375964
0.0015572956854884058
0.001555866205853845
0.0015481822806553262
0.0015433137852636292
0.001535451335695339
0.0015330225484065175
0.0015258475328101553
0.0015221432401944354
0.0015158194523114976
0.0015129854090150893
0.001510773740009537
0.001504452993540862
0.0014992202142989075
0.0014943396373302555
0.001491855060473113
0.001487574398969134
0.0014808882054674
0.0014764379389473766
0.0014704092664947627
0.0014656327377420377
0.0014598262544649719
0.0014572863722091764
0.0014546915593622348
0.0014468188680179005
0.0014432633067205868
0.0014389501906394175
0.0014330404105848443
0.0014321804369757793
0.0014256108176095835
0.0014189714184316773
0.0014146622548463978
0.0014087604310493143
0.0014057045013545315
0.0014027817996202325
0.001401937968498774
0.0013967833291994754
0.0013909234053780329
0.001388649512109952
0.0013826162163114942
0.0013757099311543426
0.0013744997505505678
0.0013704272086625497
0.001361933111748317
0.0013573540838441771
0.001355041330178709
0.0013526346947107593
0.001346451458435038
0.0013430147144812183
0.0013394117531047418
0.0013369007736514374
0.0013313236279363211
0.0013273397322692184
0.0013230361080181874
0.0013200426448283279
0.001313527528608945
0.001309650850168542
0.0013070052824135305
0.0013043374738704885
0.0013016631088616703
0.0012941668316371886
0.0012869914813809153
0.0012830348558799866
0.001280680482498495
0.0012765748368293325
0.001272565357470176
0.0012691127674598248
0.0012623762316691018
0.0012584489644961066
0.0012553524678729367
0.001252984545047447
0.0012467216006544167
0.0012435624534501409
0.001236721823449691
0.0012338236948852587
0.0012315828236079995
0.0012302072207010894
0.001225688287614632
0.0012217397396177881
0.0012178693156792994
0.0012090640541637832
0.001203544844567479
0.001199309600238127
0.0011954104935167104
0.0011938635135973646
0.0011890531842876353
0.0011848842931129785
0.0011819440203108896
0.0011748618433752838
0.0011723613848695692
0.0011691175200326761
0.0011642759023836261
0.001163013528492875
0.0011564897119885876
0.0011527347840788078
0.0011493997797290842
0.0011453789359458894
0.0011407280336409315
0.001138276201415374
0.0011351155947853476
0.0011310679472189067
0.0011283684770621218
0.0011215637449203144
0.0011184020722561762
0.0011141630574119422
0.0011130121422256905
0.0011104260566709178
0.001105584700447132
0.0011030720188067696
0.0010974821006666483
0.0010953890941718678
0.0010909980662777983
0.001087354577583244
0.0010853559808218667
0.0010788289934604964
0.0010754310262757996
0.001072132304397446
0.0010669772795293853
0.001063991898953499
0.0010583228203388253
0.0010533906203272227
0.0010519505144676422
0.0010492380958371534
0.0010440638161646157
0.0010428399435770729
0.0010404882528692006
0.0010372973653695202
0.0010316365155943943
0.0010294257432113749
0.0010258088070060822
0.001019374540357798
0.0010181596029847947
0.0010138737596384814
0.001009370862634946
0.001008242207963972
0.0010039163059846357
0.0009989993727377588
0.000997002642564328
0.0009914040997659448
0.0009878204439744806
0.0009833133162512127
0.0009809763102525677
0.0009792741136291706
0.0009739862319545226
0.00097232427371399
0.0009694075673990185
0.0009680765902131536
0.0009627623339561113
0.0009583313453620936
0.0009564520209922789
0.000953484840796258
0.0009492833878658882
0.0009456319337909257
0.0009392151813178688
0.0009348530307593961
0.0009334707937987807
0.0009293902502870785
0.000925282336796799
0.0009227553421333459
0.0009192778657876761
0.0009172501923979996
0.0009126041405648168
0.0009099498484673643
0.0009076279838852153
0.0009053448527176988
0.0009011619080129166
0.0008987509497340283
0.0008940621713441553
0.0008923517529854596
0.0008898533508375757
0.0008865173989912668
0.0008809492342148445
0.0008777327011814718
0.0008748918753065166
0.0008727267181336008
0.0008696362523467593
0.0008652807405761017
0.0008601056268246305
0.0008580650712858067
0.0008551949431979697
0.0008512175066980002
0.0008472565304766356
0.000843756283683686
0.0008407358849457083
0.0008378036331369901
0.0008354687756027172
0.0008327239077797031
0.0008283569376435092
0.0008253806003049445
0.0008237603434828213
0.0008179150972863413
0.0008141273160934058
0.0008110070353547076
0.0008105836394915857
0.0008067927392771957
0.0008020548819312624
0.0008005765852288223
0.0007962828886864925
0.0007942025038866883
0.000792406510318779
0.0007892559369075375
0.0007854307934647653
0.0007831777455440523
0.0007803763575366699
0.0007755595871059842
0.0007741254496461008
0.0007700583169945205
0.0007671670957661824
0.0007647257495020154
0.0007621110956262203
0.0007593107562493806
0.0007554852254447386
0.0007518407090192442
0.0007493850609186126
0.0007470534074344563
0.0007434055684698573
0.0007425253529967065
0.0007382406416436017
0.0007348411092777177
0.000732547719288545
0.0007315656145521111
0.0007293033960118032
0.0007271639225314286
0.0007210357359428933
0.0007195204090105264
0.0007153413176260416
0.0007110901384706723
0.0007079522368415983
0.0007037544725335289
0.0007023659563815884
0.0006996902163260028
0.0006980105285112362
0.0006956894615969617
0.000693207965281946
0.0006896610788993596
0.0006876005272550877
0.0006852553585099848
0.0006826073497990593
0.0006804518667056446
0.0006776327922499915
0.0006738270190138201
0.00067021272163355
0.0006691052132656919
0.0006670142529585861
0.0006658253731286092
0.000660961502901734
0.0006567622823074517
0.0006552675374844405
0.0006530024771787494
0.0006501170215800332
0.0006478525669335697
0.0006445892562071761
0.0006423863778713999
0.0006412501232224196
0.0006387573272719257
0.000633943896448658
0.0006320973149285169
0.0006292654357018756
0.000627773734208224
0.0006219108707548087
0.0006205852020775096
0.0006179904996601282
0.000614548801692041
0.0006117714562899484
0.0006104417678582698
0.0006066570937230001
0.0006058325946850415
0.0006031427804650944
0.0006010298572703855
0.0005978391344546797
0.0005937488569808337
0.0005924169355732883
0.0005910667143641762
0.0005887835170868908
0.0005837868412090924
0.000583405188105054
0.000582201966232172
0.000577892047206523
0.0005756044387729537
0.0005736229223179559
0.0005715646973912589
0.0005679122764782376
0.0005652170891354828
0.0005622161089725891
0.0005607306271144664
0.0005584102227110592
0.0005578092385871281
0.0005543820882698145
0.0005529966240234256
0.0005502786948768418
0.000548771130658709
0.0005464252556284085
0.0005407073867464456
0.0005372253233910747
0.0005361145026889347
0.0005335619200846234
0.0005314744062571652
0.0005270360600770715
0.0005253007545501333
0.0005235891949936595
0.0005207794035388974
0.0005191147894262879
0.000516559341365754
0.0005157909980537379
0.0005128353099653764
0.000510357322131508
0.0005069712769651712
0.000504764129505656
0.0005022964530449056
0.0005017872696781921
0.0004994654200301745
0.0004978807932326209
0.000495052292743012
0.0004937533732400692
0.0004910816515760614
0.0004901392662710673
0.0004846838960439459
0.00048226677620573534
0.00048192261737222097
0.00047975637483425594
0.0004779911523524504
0.00047659072387785175
0.0004734210537675542
0.00046954407647606166
0.0004682371913043348
0.0004666895596399854
0.00046365995171894416
0.00046160816169647675
0.00046015500596883585
0.00045783967992165807
0.0004564674886314477
0.00045389743925620046
0.0004517080430833398
0.0004487239581365554
0.00044757941171190337
0.00044461372668484723
0.00044191207843838527
0.000440653074052478
0.0004393613629169715
0.00043853586878493
0.0004357375033574611
0.00043457841389480165
0.00043086776176343535
0.00042779242690559527
0.00042638484342684017
0.0004255523309164384
0.00042300286285924544
0.000421663914792652
0.00042005629664039723
0.0004175641351584597
0.00041410626641285827
0.000411012070839119
0.00040979043393063794
0.00040746077845889636
0.0004048172282605096
0.00040405944560913213
0.0004013685130624219
0.0003984261321984178
0.00039751719653450244
0.00039478162657705204
0.00039353384896904844
0.00039136186713585293
0.00038842486994124367
0.00038732841972566854
0.00038487667420479527
0.00038354245586611234
0.00038158309505075005
0.0003790159388368224
0.00037809719845065444
0.00037556081191562
0.00037394764743087466
0.0003712026970798977
0.0003683275933824546
0.0003672305901489598
0.0003652791306412175
0.0003633806972398588
0.0003618788409253699
0.0003600550488270045
0.0003586352776068615
0.00035554186378484846
0.00035352827017759035
0.0003527518914309349
0.0003499959276637343
0.0003493382274217831
0.00034670244221716024
0.00034602306427955986
0.0003425334814830346
0.0003405356076958095
0.0003382397935191475
0.00033668110597994983
0.00033558117644757633
0.00033351627772891144
0.0003308037825877411
0.00032862611557764966
0.00032625929197842193
0.000325595777794955
0.00032372879177038294
0.00032132890293167963
0.0003201595601260013
0.0003172156193825512
0.00031658077145692206
0.0003146698464773208
0.0003120821612140835
0.0003109302603606042
0.000309349073069174
0.00030814136313402285
0.0003061372138992163
0.00030440408297420756
0.00030281634984398855
0.00030073646585499923
0.00029978652295960245
0.00029785562562478497
0.0002966727554789945
0.00029468687625288796
0.00029419748170978974
0.00029205851192497825
0.0002895822947309012
0.0002882412858045119
0.00028569257067898225
0.0002843762544072671
0.0002828956919493997
0.0002814248674458341
0.00027960168701913953
0.00027789791171130155
0.0002757799515981967
0.00027562015330802244
0.0002724741816349827
0.0002712470176205984
0.0002688238597922973
0.00026792449959095856
0.000266774546549553
0.00026611293532643744
0.00026435977719036267
0.00026229917363546426
0.00026096419518692557
0.00025991249769502723
0.000258450598406569
0.0002560448732568987
0.0002547523488768665
0.00025208874360884337
0.0002516510336273881
0.00024890538476512693
0.00024811647850027716
0.0002456976647386279
0.000244912104036286
0.00024248828433388585
0.0002396883371272395
0.00023945103831284688
0.00023791314253207671
0.00023636532811085445
0.00023504104508807595
0.00023239063680397868
0.00023094274729444352
0.00022975240734164607
0.0002268932358803184
0.00022590976320051412
0.00022517741485029741
0.0002239456055446259
0.00022258080234941531
0.00022038677347831014
0.00021859593181712233
0.00021708894736311284
0.00021646934586305646
0.00021460805323767672
0.00021360664806704496
0.00021213186957552726
0.0002109873690523241
0.00020997468674657712
0.00020898202536575043
0.00020721848455571265
0.00020524659282670493
0.00020414091605489246
0.00020325529687133988
0.0002022474324081644
0.00020065388191414232
0.00019928200805330242
0.00019804360719731742
0.00019616007672774863
0.00019454359936099314
0.00019353214539359062
0.0001925603826676775
0.00019110839447744008
0.00018945636988921302
0.00018762612431602485
0.0001870325589649093
0.0001844132323325285
0.00018414458524720345
0.00018170207820997471
0.0001814299599438626
0.00017965032539144328
0.0001781087065008077
0.00017665163828059713
0.00017612015774203643
0.00017452335035311316
0.00017372343591201946
0.00017267072540767426
0.00017151462055023042
0.0001701739008078607
0.00016958547549044485
0.00016800590581285624
0.0001666508777525732
0.00016537905712154635
0.0001637140075099618
0.00016274543991309058
0.0001614837817660016
0.00016047950177192318
0.00016002330103494862
0.00015848352849620262
0.00015727127092752003
0.00015519359640236817
0.00015321382857236632
0.00015237896110828955
0.0001506517401184979
0.00014993804134213188
0.00014929476005164747
0.0001469386929308151
0.00014607079503019501
0.00014486192939410498
0.0001433129916366058
0.00014232099223546318
0.00014183171521126904
0.00014083776556995573
0.0001400389862487491
0.00013827605574061034
0.0001376484948464074
0.0001365447780296609
0.00013579623992969098
0.00013312385631639848
0.00013243005382631814
0.00013137635608572877
0.00013045736396009028
0.00012941477785809898
0.00012824263689983646
0.0001272639120584025
0.0001264205111249959
0.000125321083599931
0.0001238525263214367
0.00012227472187363125
0.000121281988865238
0.0001198748214175164
0.00011960702456973997
0.00011820083736351674
0.00011717620103194557
0.0001160173700276304
0.00011588957233711465
0.00011414013782353312
0.0001124523787797779
0.00011180260598597835
0.00011110459938568925
0.00011040733943043863
0.00010832999457178201
0.00010760389030531318
0.00010619781868610295
0.00010488252984573222
0.00010423916711353483
0.00010315550899580033
0.00010256817643344359
0.00010162104124218613
0.00010019751245023133
9.976623763676575e-5
9.899585054194065e-5
9.775398146287633e-5
9.706404389998374e-5
9.642948317836193e-5
9.485198617249325e-5
9.421913008931501e-5
9.337835754712689e-5
9.275077859488894e-5
9.212848282921356e-5
9.044272895780484e-5
8.930717307446533e-5
8.886121721039332e-5
8.791472913104813e-5
8.640734772887551e-5
8.534482326551678e-5
8.485865682709803e-5
8.439829032558126e-5
8.299226984526287e-5
8.25291359168411e-5
8.127543537458351e-5
8.023893220240159e-5
7.968410187435274e-5
7.893617232066706e-5
7.78667386287314e-5
7.741379559232757e-5
7.618448507824474e-5
7.489558190072034e-5
7.44649058185525e-5
7.317228551782674e-5
7.249394627704507e-5
7.187640787901103e-5
7.114744171088055e-5
7.022445088275454e-5
6.938465192642231e-5
6.837353322609131e-5
6.75476898576297e-5
6.707388139365866e-5
6.630047703008309e-5
6.526684043330385e-5
6.402242268715328e-5
6.361997642485758e-5
6.322329175889965e-5
6.24383983696207e-5
6.193348296512859e-5
6.092955388986927e-5
6.001043796133786e-5
5.905850723537395e-5
5.869181615628244e-5
5.81259125053025e-5
5.724701808435517e-5
5.611037741820549e-5
5.5752228576118554e-5
5.525431785399603e-5
5.417754411582421e-5
5.382481228664869e-5
5.2691978987196696e-5
5.175305317434883e-5
5.13965030410017e-5
5.104940738067518e-5
5.019326244332346e-5
4.927542647214788e-5
4.8469100463655386e-5
4.794819829057218e-5
4.742030443425392e-5
4.670697446035635e-5
4.5955414492035885e-5
4.564504748360455e-5
4.507023118093758e-5
4.381485822613008e-5
4.3552666386644825e-5
4.283527097806484e-5
4.250151213411674e-5
4.172933689544539e-5
4.116376899849049e-5
4.05648128363393e-5
4.0227743693942136e-5
3.951546831588811e-5
3.9153684532080606e-5
3.8446757728123686e-5
3.760648475529212e-5
3.688621798086414e-5
3.6523241817542575e-5
3.572253683052909e-5
3.5032733806007385e-5
3.4255535041541674e-5
3.391963337261932e-5
3.3501501199368266e-5
3.2666607596804957e-5
3.203783364443644e-5
3.170797444290622e-5
3.1232391781842864e-5
3.065990466525762e-5
3.04659287557963e-5
2.962523880002838e-5
2.9221795581183788e-5
2.8421629655348417e-5
2.802989662809307e-5
2.7730634710122558e-5
2.7093336410729328e-5
2.6395678762521335e-5
2.577279748893566e-5
2.5429009932647e-5
2.497719459407376e-5
2.4413384519736606e-5
2.4008647623523437e-5
2.3478751754020848e-5
2.3194759692197125e-5
2.2580432014723044e-5
2.2069982781126243e-5
2.1571377842242202e-5
2.1451523086590365e-5
2.094982503925669e-5
2.0441280215809367e-5
1.990740348419651e-5
1.9828464558002876e-5
1.9730768479634212e-5
1.8923878935346158e-5
1.8507356252046398e-5
1.790123871899041e-5
1.765373737171395e-5
1.738707060671251e-5
1.6946890602159437e-5
1.6661706412758972e-5
1.6359004161332734e-5
1.5780771625615876e-5
1.5290325860081456e-5
1.5129706450497024e-5
1.4556734194622315e-5
1.433651155851726e-5
1.4033303728390074e-5
1.3445059756636013e-5
1.3364366540292838e-5
1.2762038729615112e-5
1.2408496565861754e-5
1.2161344970744928e-5
1.1816883868301577e-5
1.1366318425115691e-5
1.1135413571684419e-5
1.0925918459279191e-5
1.0600421562498497e-5
1.0310250428674403e-5
1.0058696205876316e-5
9.54874112481831e-6
9.38914473786543e-6
8.994639172561635e-6
8.8919364251951e-6
8.659294401019245e-6
8.430860226985514e-6
8.026699602261667e-6
7.698782771204795e-6
7.424286258146467e-6
7.366166260702295e-6
7.074863562391466e-6
6.829996661647575e-6
6.671368830994276e-6
6.397322935689543e-6
5.898817052305039e-6
5.718887955678221e-6
5.5793682939961535e-6
5.381654305488348e-6
5.163375099800915e-6
4.852972668800556e-6
4.646103412545945e-6
4.4487413808306005e-6
4.320682006227054e-6
4.1287689430524795e-6
3.917091648533073e-6
3.798967291598226e-6
3.573079895234742e-6
3.420769552688642e-6
3.2274247723905846e-6
3.078639024569776e-6
2.9036064433945935e-6
2.7803540763361462e-6
2.646650788049854e-6
2.472232609661411e-6
2.193874972256618e-6
2.1236589570112517e-6
1.909551897863149e-6
1.7483243475031568e-6
1.7373861494465784e-6
1.5839569954973946e-6
1.4762280711034172e-6
1.388324471297618e-6
1.3428872746278683e-6
1.1006369851660455e-6
1.0226580980939398e-6
9.029771083347398e-7
8.440929773148724e-7
6.561409266505104e-7
6.396973683055226e-7
5.880868673973726e-7
5.285742004250549e-7
4.4152938906168434e-7
3.9525042972967634e-7
3.1581900089756974e-7
2.451918514595936e-7
2.202453555372516e-7
1.590820785795764e-7
1.270456608174451e-7
1.0906687645007953e-7
7.156939269572199e-8
5.197337570666922e-8
3.8169369529624586e-8
1.555041482650002e-8
1.1135093268450362e-8
2.835599826267489e-9

