Numero de qubits: 20 
Layer   Time var(Time)
1  0.06111044294999999  0.2465703503528692
2  0.00565861575  0.0045209913654416095
3  0.004668449799999999  0.0006080326144981534
4  0.0067969768500000015  0.005425183153220132
5  0.007547165249999999  0.0006520961841121961
6  0.03136743774999999  0.03586221832233813
7  0.08546078615  0.0568535426941052
8  0.11827168214999999  0.003858008788223898
9  0.4868300253500001  0.03217012080291413
10  1.2155565654000002  0.031123972129007117
11  2.6607672153  0.05639494517288955
12  1.89914996025  0.04770151840192074
13  2.6071889733499996  0.16371176225810685
14  1.9104569932500002  0.04252704997798802
15  2.6323108579  0.11287681009590216
Total= 13.73314214745
Varianza= 0.4433858381199156

Numero de qubits: 21 
Layer   Time var(Time)
1  0.00486660495  0.0002228553706814073
2  0.00474451115  0.0004747628976467385
3  0.004990567949999999  0.000499805768121925
4  0.0057529795  0.0005366388756856421
5  0.0084191799  0.0007634730922387444
6  0.0152131915  0.001641723069113835
7  0.04922505405  0.005138164648426629
8  0.12856942400000002  0.0022057080425681892
9  0.52080347105  0.005690685376039731
10  1.3386204021499999  0.030294359019683154
11  3.2219628545  0.09259816573113806
12  4.2839994665  0.07938426275358086
13  4.130812411349999  0.049846174117071956
14  4.219498496850001  0.04539600013212235
15  4.09765547895  0.053598085320075116
Total= 22.035134094349985
Varianza= 0.12914702910012252

Numero de qubits: 22 
Layer   Time var(Time)
1  0.0054400497  0.0002980875641235474
2  0.0056219780000000006  0.000561485786395613
3  0.00587099275  0.0005609183382638577
4  0.006848290000000002  0.0006403743729959062
5  0.009719272599999999  0.0008386917368226182
6  0.01678469915  0.0006016132050106011
7  0.17301878675000001  0.04092216042090778
8  0.15195385520000002  0.0032497619685233335
9  0.61204831605  0.02695081515268751
10  1.8636174277000002  0.020575445841944554
11  6.1188367694  0.05739766274913288
12  17.134793130650003  0.20727273005255276
13  10.513662383749999  0.23434371936904952
14  14.310649772499996  2.5095927850755033
15  9.959304376499999  0.5495078875933762
Total= 60.88817010069998
Varianza= 3.397626277525021

Numero de qubits: 23 
Layer   Time var(Time)
1  0.0055690363  0.0004378890867790724
2  0.00568525245  0.0006318140476108832
3  0.005978898000000001  0.0006125597757494365
4  0.11639943900000001  0.03673214975842337
5  0.008502872299999999  0.0009789259931873857
6  0.015413153150000001  0.0011233425876132034
7  0.061479673299999996  0.02625166325012
8  0.16999412784999995  0.028330609403157722
9  0.6362944572499999  0.007953773958237837
10  1.9772424291999997  0.03792369373226079
11  6.6667133202999995  0.09058385026672489
12  21.110523732300003  0.1793687795439928
13  28.23729318765  0.2501394948746136
14  27.516138191400007  0.20080406071945736
15  28.16845904455001  0.18669820299303191
Total= 114.70168681499997
Varianza= 0.711970309001384

Numero de qubits: 24 
Layer   Time var(Time)
1  0.0060552318  0.0005687853149334641
2  0.006335913449999999  0.0006632855779704151
3  0.0066253786  0.0006639031746666376
4  0.00764327435  0.0007701239163181647
5  0.010366462849999999  0.001170407934152758
6  0.0179096081  0.0011537012860432679
7  0.10553073874999999  0.010728093773333775
8  0.2887723626  0.02767090455582898
9  0.8480145213000002  0.064177285545851
10  2.5005380355499995  0.019596175926952553
11  9.518407378650002  0.1214969702268272
12  38.969590100249995  0.24170624888637773
13  99.76123790119999  0.5218871130646869
14  65.6314833325  0.2696216549350765
15  74.82843073115001  0.7347353669928652
Total= 292.5069409711001
Varianza= 1.1632245706674549

Numero de qubits: 25 
Layer   Time var(Time)
1  0.0059009095999999995  0.0005038313350535473
2  0.005836647050000001  0.0006936269453971258
3  0.006230126750000002  0.0006485475324543202
4  0.0070815695  0.0008305654428892101
5  0.009963074199999998  0.0010239274128296203
6  0.01790097385  0.0011583701703786781
7  0.062144625200000005  0.004067565805890565
8  0.18280362535  0.03064918508115807
9  0.6329037689000001  0.06869247885941442
10  2.1434304177  0.11705439300416522
11  9.916624540100003  0.18882769848221853
12  42.430982299250005  0.49333077766599165
13  123.69150735065  0.7846397012785818
14  157.09370858789998  1.1028315419229047
15  156.91279357515003  1.238430820886659
Total= 493.11981209115004
Varianza= 3.4704174481718018

