Numero de qubits: 20 
Layer   D  var(D)  Renyi  var(Renyi)
1  2.0  0.0  1.3134048665641222e-14  1.7720479840555334e-15
2  4.0  0.0  1.81474825980791  0.002511057144619204
3  8.0  0.0  1.8147482598079137  0.002511057144617457
4  16.0  0.0  3.6500416603778385  0.006851568463822834
5  32.0  0.0  3.650041660377842  0.006851568463822869
6  64.0  0.0  5.504577558224427  0.0064476808286807255
7  128.0  0.0  5.504577558224432  0.006447680828678916
8  256.0  0.0  7.3709906765555555  0.004990921667596818
9  512.0  0.0  7.370990676555559  0.004990921667595114
10  1024.0  0.0  9.248842553738436  0.006124675642660546
11  1024.0  0.0  9.248842553738438  0.006124675642661176
12  1024.0  0.0  9.090840000762586  0.018120996664206666
Numero de qubits: 21 
Layer   D  var(D)  Renyi  var(Renyi)
1  2.0  0.0  1.364659690625162e-14  3.0732866499340194e-15
2  4.0  0.0  1.8156086664057753  0.0033378153241772797
3  8.0  0.0  1.8156086664057782  0.0033378153241777663
4  16.0  0.0  3.649955909484685  0.005605793079712847
5  32.0  0.0  3.64995590948469  0.005605793079711996
6  64.0  0.0  5.501690098330066  0.005399203026249725
7  128.0  0.0  5.501690098330067  0.005399203026248891
8  256.0  0.0  7.369603665493294  0.006530919215870503
9  512.0  0.0  7.369603665493303  0.006530919215871038
10  1024.0  0.0  9.248160666328914  0.005797100674369162
11  1024.0  0.0  9.248160666328918  0.005797100674369321
12  1024.0  0.0  9.51153483806029  0.018844223725882663
Numero de qubits: 22 
Layer   D  var(D)  Renyi  var(Renyi)
1  2.0  0.0  0.9064569982200469  2.995339747294888e-15
2  4.0  0.0  0.9064569982200528  5.848673439562695e-15
3  8.0  0.0  2.729728629452402  0.004563571966116063
4  16.0  0.0  2.7297286294524037  0.0045635719661177455
5  32.0  0.0  4.576153075015422  0.005292056055016286
6  64.0  0.0  4.576153075015425  0.005292056055017388
7  128.0  0.0  6.43522042359494  0.0037501729610102067
8  256.0  0.0  6.435220423594943  0.0037501729610110134
9  512.0  0.0  8.307124160696983  0.003503705827921545
10  1024.0  0.0  8.30712416069699  0.0035037058279221564
11  2048.0  0.0  10.189377361886532  0.005454509030622577
12  2048.0  0.0  10.189377361886534  0.0054545090306214765
Numero de qubits: 23 
Layer   D  var(D)  Renyi  var(Renyi)
1  2.0  0.0  0.9064569982200472  3.170848270743127e-15
2  4.0  0.0  0.9064569982200507  3.76854898924069e-15
3  8.0  0.0  2.729556270895466  0.003678532554338736
4  16.0  0.0  2.729556270895471  0.0036785325543382667
5  32.0  0.0  4.575609051479847  0.005139424813435656
6  64.0  0.0  4.575609051479851  0.005139424813434787
7  128.0  0.0  6.436461744314878  0.0076598143986285425
8  256.0  0.0  6.436461744314881  0.007659814398627907
9  512.0  0.0  8.30942191061884  0.006214791876601322
10  1024.0  0.0  8.309421910618843  0.006214791876600785
11  2048.0  0.0  10.190379036167462  0.006106587096368977
12  2048.0  0.0  10.190379036167467  0.006106587096366959
Numero de qubits: 24 
Layer   D  var(D)  Renyi  var(Renyi)
1  2.0  0.0  1.6145269579227278e-14  3.289405869700303e-15
2  4.0  0.0  1.813862815525806  0.0016949143858037098
3  8.0  0.0  1.8138628155258094  0.0016949143858043022
4  16.0  0.0  3.6504771376494185  0.0034005678239072885
5  32.0  0.0  3.650477137649424  0.003400567823906624
6  64.0  0.0  5.503304458363144  0.006430966020551749
7  128.0  0.0  5.503304458363151  0.006430966020550784
8  256.0  0.0  7.370793705496783  0.006927304428031036
9  512.0  0.0  7.370793705496787  0.006927304428031103
10  1024.0  0.0  9.246843615292088  0.00453546773461697
11  2048.0  0.0  9.246843615292091  0.004535467734616772
12  4096.0  0.0  11.134202100343893  0.0051699394281250945
Numero de qubits: 25 
Layer   D  var(D)  Renyi  var(Renyi)
1  2.0  0.0  1.5760858398769485e-14  3.8248429523883075e-15
2  4.0  0.0  1.8136322643521225  0.0009491529797552923
3  8.0  0.0  1.8136322643521308  0.0009491529797563167
4  16.0  0.0  3.6513046870135653  0.005026094446418747
5  32.0  0.0  3.65130468701357  0.0050260944464189635
6  64.0  0.0  5.505850948984788  0.005607269951294938
7  128.0  0.0  5.505850948984795  0.005607269951294546
8  256.0  0.0  7.37255382958462  0.004922302582754435
9  512.0  0.0  7.372553829584622  0.00492230258275336
10  1024.0  0.0  9.24865874110843  0.004413764756117436
11  2048.0  0.0  9.248658741108434  0.004413764756117176
12  4096.0  0.0  11.135736195603403  0.004665779561023272
Numero de qubits: 26 
Layer   D  var(D)  Renyi  var(Renyi)
1  2.0  0.0  0.9064569982200485  2.2747383366409583e-15
2  4.0  0.0  0.9064569982200539  6.937339417550777e-15
3  8.0  0.0  2.7322299808275408  0.004973544906085501
4  16.0  0.0  2.7322299808275448  0.00497354490608686
5  32.0  0.0  4.577395159163639  0.006621589168345514
6  64.0  0.0  4.577395159163646  0.0066215891683437675
7  128.0  0.0  6.43645185959951  0.004452309897658759
8  256.0  0.0  6.436451859599517  0.004452309897658947
9  512.0  0.0  8.309146804078356  0.004655734040923469
10  1024.0  0.0  8.309146804078358  0.0046557340409249795
11  2048.0  0.0  10.191101749561543  0.005097709616493801
12  4096.0  0.0  10.191101749561549  0.005097709616495068
Numero de qubits: 27 
Layer   D  var(D)  Renyi  var(Renyi)
1  2.0  0.0  0.9064569982200489  4.242882555076958e-15
2  4.0  0.0  0.9064569982200512  1.2778951559174794e-14
3  8.0  0.0  2.729902129104965  0.004272814663344291
4  16.0  0.0  2.729902129104972  0.004272814663344441
5  32.0  0.0  4.573250900318264  0.00702095753847408
6  64.0  0.0  4.573250900318269  0.00702095753847656
7  128.0  0.0  6.4354191156714435  0.007822352134505111
8  256.0  0.0  6.435419115671452  0.007822352134504147
9  512.0  0.0  8.30754461651692  0.008930515498150202
10  1024.0  0.0  8.307544616516925  0.008930515498148805
11  2048.0  0.0  10.189181491407961  0.007783915669462654
12  4096.0  0.0  10.189181491407965  0.007783915669461219
Numero de qubits: 28 
Layer   D  var(D)  Renyi  var(Renyi)
1  2.0  0.0  1.8259531071745156e-14  4.6044729188910406e-15
2  4.0  0.0  1.8148544162459004  0.002135508022341213
3  8.0  0.0  1.814854416245908  0.0021355080223442566
4  16.0  0.0  3.6505072494475774  0.0035147298493458695
5  32.0  0.0  3.650507249447583  0.0035147298493446925
6  64.0  0.0  5.504001278650163  0.004826174390935584
7  128.0  0.0  5.504001278650171  0.0048261743909353266
8  256.0  0.0  7.369976191200154  0.005977117394059482
9  512.0  0.0  7.369976191200157  0.005977117394061842
10  1024.0  0.0  9.247358128038904  0.00678625462798748
11  2048.0  0.0  9.247358128038908  0.006786254627985988
12  4096.0  0.0  11.133908543818297  0.006512560168266581
Numero de qubits: 29 
Layer   D  var(D)  Renyi  var(Renyi)
1  2.0  0.0  1.8323599601821458e-14  5.7390527969525044e-15
2  4.0  0.0  1.8142877372068398  0.0021787791078921414
3  8.0  0.0  1.8142877372068447  0.002178779107892554
4  16.0  0.0  3.6495538797569553  0.004178005050170672
5  32.0  0.0  3.649553879756963  0.004178005050169578
6  64.0  0.0  5.501666214082025  0.006127557511146356
7  128.0  0.0  5.50166621408203  0.006127557511146469
8  256.0  0.0  7.3689264767859814  0.004976667195199492
9  512.0  0.0  7.368926476785987  0.0049766671952004085
10  1024.0  0.0  9.248185010907415  0.004234252524103046
11  2048.0  0.0  9.248185010907422  0.004234252524103026
12  4096.0  0.0  11.134927205745683  0.004084446491125645
Numero de qubits: 30 
Layer   D  var(D)  Renyi  var(Renyi)
1  2.0  0.0  0.9064569982200498  6.629993118632331e-15
2  4.0  0.0  0.9064569982200542  6.524768531027141e-15
3  8.0  0.0  2.730327950027905  0.004496546689620153
4  16.0  0.0  2.730327950027914  0.004496546689618414
5  32.0  0.0  4.5738404793642395  0.0037138815397687684
6  64.0  0.0  4.573840479364248  0.003713881539771447
7  128.0  0.0  6.433674973517209  0.005976112237353117
8  256.0  0.0  6.433674973517213  0.005976112237352514
9  512.0  0.0  8.306391223960253  0.006437513806333393
10  1024.0  0.0  8.306391223960262  0.006437513806332668
11  2048.0  0.0  10.188022020285993  0.006295575760296135
12  4096.0  0.0  10.188022020285999  0.006295575760297115
Numero de qubits: 31 
Layer   D  var(D)  Renyi  var(Renyi)
1  2.0  0.0  0.9064569982200531  3.3063403504680295e-15
2  4.0  0.0  0.9064569982200592  1.0923883725663476e-14
3  8.0  0.0  2.7295174798519497  0.003779340176602343
4  16.0  0.0  2.7295174798519577  0.003779340176600914
5  32.0  0.0  4.5730106235344845  0.005224494080278462
6  64.0  0.0  4.573010623534492  0.005224494080278758
7  128.0  0.0  6.432605967354105  0.006748878288328939
8  256.0  0.0  6.432605967354114  0.006748878288327909
9  512.0  0.0  8.304901194517061  0.007662186144191554
10  1024.0  0.0  8.304901194517065  0.007662186144190827
11  2048.0  0.0  10.187415891159239  0.006316811967643555
12  4096.0  0.0  10.187415891159242  0.006316811967643491
Numero de qubits: 32 
Layer   D  var(D)  Renyi  var(Renyi)
1  2.0  0.0  2.133482051540752e-14  4.8628816233072184e-15
2  4.0  0.0  1.8157410666339142  0.0031175788127045176
3  8.0  0.0  1.8157410666339229  0.0031175788127035036
4  16.0  0.0  3.649283851389948  0.0025940222940167386
5  32.0  0.0  3.6492838513899577  0.002594022294015412
6  64.0  0.0  5.5018687629187095  0.004693116785983507
7  128.0  0.0  5.501868762918716  0.004693116785983703
8  256.0  0.0  7.370879102243902  0.003819221613701951
9  512.0  0.0  7.37087910224391  0.003819221613702088
10  1024.0  0.0  9.25025629330943  0.004963692445896784
11  2048.0  0.0  9.250256293309437  0.004963692445896637
12  4096.0  0.0  11.13782139023973  0.005372793192221698
Numero de qubits: 33 
Layer   D  var(D)  Renyi  var(Renyi)
1  2.0  0.0  2.2231779936475703e-14  3.6810144496864525e-15
2  4.0  0.0  1.815559677837929  0.0031827204810575744
3  8.0  0.0  1.8155596778379377  0.003182720481059038
4  16.0  0.0  3.65201739994763  0.005713883052377942
5  32.0  0.0  3.652017399947636  0.005713883052377488
6  64.0  0.0  5.507696356059272  0.004060317630825494
7  128.0  0.0  5.50769635605928  0.00406031763082403
8  256.0  0.0  7.37263901303672  0.006301266416317231
9  512.0  0.0  7.372639013036727  0.0063012664163179365
10  1024.0  0.0  9.251265611034958  0.005602364412398507
11  2048.0  0.0  9.251265611034963  0.005602364412399705
12  4096.0  0.0  11.138310413412736  0.007665385983036411
Numero de qubits: 34 
Layer   D  var(D)  Renyi  var(Renyi)
1  2.0  0.0  0.9064569982200542  6.097540531984828e-15
2  4.0  0.0  0.9064569982200557  1.0300333070904477e-14
3  8.0  0.0  2.7276810579419513  0.0028450552683834916
4  16.0  0.0  2.727681057941958  0.0028450552683831603
5  32.0  0.0  4.574589124159528  0.005051889509978703
6  64.0  0.0  4.5745891241595364  0.005051889509981332
7  128.0  0.0  6.435128653471255  0.005302953502540876
8  256.0  0.0  6.435128653471258  0.005302953502540597
9  512.0  0.0  8.305156781972713  0.0058337178133242955
10  1024.0  0.0  8.305156781972718  0.005833717813325139
11  2048.0  0.0  10.188564327741625  0.004309124810392279
12  4096.0  0.0  10.18856432774163  0.004309124810392694
Numero de qubits: 35 
Layer   D  var(D)  Renyi  var(Renyi)
1  2.0  0.0  0.9064569982200533  2.5665129180651804e-15
2  4.0  0.0  0.9064569982200563  5.9545640058156786e-15
3  8.0  0.0  2.7313557442824252  0.0037376950740418795
4  16.0  0.0  2.7313557442824328  0.00373769507404049
5  32.0  0.0  4.57358849523488  0.00577362344567076
6  64.0  0.0  4.573588495234888  0.00577362344566898
7  128.0  0.0  6.431471316183092  0.006496389399938799
8  256.0  0.0  6.431471316183099  0.006496389399939918
9  512.0  0.0  8.303925031692957  0.007683350549470927
10  1024.0  0.0  8.303925031692962  0.007683350549470359
11  2048.0  0.0  10.186835116756123  0.008349408191141789
12  4096.0  0.0  10.18683511675613  0.008349408191142856
