Numero de qubits: 20 
Layer   D  var(D)  Renyi  var(Renyi)
1  2.0  0.0  1.3134048665641226e-14  2.051193788941227e-15
2  4.0  0.0  1.8157465743605326  0.0034423404323152586
3  8.0  0.0  1.8157465743605379  0.0034423404323141397
4  16.0  0.0  3.6520706556801708  0.0048654330298294425
5  32.0  0.0  3.6520706556801747  0.004865433029829462
Numero de qubits: 21 
Layer   D  var(D)  Renyi  var(Renyi)
1  2.0  0.0  1.409507661678571e-14  3.072618761922237e-15
2  4.0  0.0  1.8147007055209383  0.002077180324895773
3  8.0  0.0  1.814700705520942  0.0020771803248979146
4  16.0  0.0  3.649313691428943  0.0031425766435535193
5  32.0  0.0  3.6493136914289472  0.0031425766435550094
Numero de qubits: 22 
Layer   D  var(D)  Renyi  var(Renyi)
1  2.0  0.0  0.9064569982200468  2.5747840864366704e-15
2  4.0  0.0  0.9064569982200474  6.17911677428734e-15
3  8.0  0.0  2.730602932322248  0.004039467523262954
4  16.0  0.0  2.7306029323222534  0.004039467523262476
5  32.0  0.0  4.5733490016850045  0.004688562620247317
Numero de qubits: 23 
Layer   D  var(D)  Renyi  var(Renyi)
1  2.0  0.0  0.9064569982200453  2.6991209160081147e-15
2  4.0  0.0  0.9064569982200495  7.00888464592562e-15
3  8.0  0.0  2.731047603801821  0.0038758791724137595
4  16.0  0.0  2.7310476038018257  0.0038758791724131476
5  32.0  0.0  4.576585348454539  0.005008354809991621
Numero de qubits: 24 
Layer   D  var(D)  Renyi  var(Renyi)
1  2.0  0.0  1.5856961193883936e-14  3.778821431329652e-15
2  4.0  0.0  1.8143189620722133  0.0009540019527240833
3  8.0  0.0  1.8143189620722169  0.0009540019527237348
4  16.0  0.0  3.649723502978939  0.004578723253437958
5  32.0  0.0  3.6497235029789437  0.004578723253437653
Numero de qubits: 25 
Layer   D  var(D)  Renyi  var(Renyi)
1  2.0  0.0  1.6914091940142868e-14  3.0619127406538485e-15
2  4.0  0.0  1.8145710832960293  0.002180127670946696
3  8.0  0.0  1.8145710832960364  0.0021801276709463263
4  16.0  0.0  3.650662847682684  0.003913031840472482
5  32.0  0.0  3.6506628476826903  0.003913031840471725
Numero de qubits: 26 
Layer   D  var(D)  Renyi  var(Renyi)
1  2.0  0.0  0.906456998220049  3.573642189479738e-15
2  4.0  0.0  0.9064569982200522  7.39332681939679e-15
3  8.0  0.0  2.730183708207617  0.004314306784270082
4  16.0  0.0  2.7301837082076217  0.004314306784268666
5  32.0  0.0  4.5756853392598975  0.004800981640941371
Numero de qubits: 27 
Layer   D  var(D)  Renyi  var(Renyi)
1  2.0  0.0  0.906456998220049  3.943167724231698e-15
2  4.0  0.0  0.906456998220053  9.763747175549368e-15
3  8.0  0.0  2.7316335380473964  0.004612224637314434
4  16.0  0.0  2.731633538047404  0.004612224637315369
5  32.0  0.0  4.575848224600993  0.005943148566359114
Numero de qubits: 28 
Layer   D  var(D)  Renyi  var(Renyi)
1  2.0  0.0  1.851580519205035e-14  3.995431890037587e-15
2  4.0  0.0  1.8151716682293793  0.002845778008064722
3  8.0  0.0  1.8151716682293846  0.0028457780080648107
4  16.0  0.0  3.6510907983840717  0.004369344802482738
5  32.0  0.0  3.6510907983840766  0.004369344802483866
Numero de qubits: 29 
Layer   D  var(D)  Renyi  var(Renyi)
1  2.0  0.0  2.0726169479682675e-14  4.17810823897454e-15
2  4.0  0.0  1.814081864414715  0.0020207658134274095
3  8.0  0.0  1.8140818644147214  0.0020207658134297757
4  16.0  0.0  3.649304880221964  0.004521734871119439
5  32.0  0.0  3.6493048802219716  0.0045217348711198545
Numero de qubits: 30 
Layer   D  var(D)  Renyi  var(Renyi)
1  2.0  0.0  0.9064569982200542  4.213438993621005e-15
2  4.0  0.0  0.9064569982200521  8.239620237340028e-15
3  8.0  0.0  2.7296241630246856  0.004026667075336029
4  16.0  0.0  2.729624163024692  0.004026667075337097
5  32.0  0.0  4.574952697288557  0.003923548012674665
Numero de qubits: 31 
Layer   D  var(D)  Renyi  var(Renyi)
1  2.0  0.0  0.9064569982200549  3.25685395547783e-15
2  4.0  0.0  0.9064569982200574  7.748131870488744e-15
3  8.0  0.0  2.7306144790956037  0.0038137327545626027
4  16.0  0.0  2.7306144790956104  0.0038137327545625225
5  32.0  0.0  4.576343810837155  0.003893271695999377
Numero de qubits: 32 
Layer   D  var(D)  Renyi  var(Renyi)
1  2.0  0.0  2.1366854780445662e-14  4.59900938769545e-15
2  4.0  0.0  1.8156024083398843  0.003448104115422346
3  8.0  0.0  1.8156024083398907  0.0034481041154226853
4  16.0  0.0  3.653981629697904  0.006533446361914352
5  32.0  0.0  3.6539816296979133  0.0065334463619157405
Numero de qubits: 33 
Layer   D  var(D)  Renyi  var(Renyi)
1  2.0  0.0  1.989327858869078e-14  3.765763770175857e-15
2  4.0  0.0  1.8150808911908431  0.002823225469788654
3  8.0  0.0  1.815080891190852  0.0028232254697862042
4  16.0  0.0  3.6508760016197868  0.0052008828827508355
5  32.0  0.0  3.650876001619794  0.005200882882748484
Numero de qubits: 34 
Layer   D  var(D)  Renyi  var(Renyi)
1  2.0  0.0  0.9064569982200552  3.9274286610197765e-15
2  4.0  0.0  0.9064569982200608  8.488742304160624e-15
3  8.0  0.0  2.7307171876849456  0.004991593693991251
4  16.0  0.0  2.730717187684955  0.004991593693993785
5  32.0  0.0  4.576469932911918  0.005110705004754261
Numero de qubits: 35 
Layer   D  var(D)  Renyi  var(Renyi)
1  2.0  0.0  0.9064569982200533  5.0190799627606096e-15
2  4.0  0.0  0.9064569982200558  1.0716643044634707e-14
3  8.0  0.0  2.7304887192595673  0.004448174139057749
4  16.0  0.0  2.7304887192595766  0.004448174139057338
5  32.0  0.0  4.576919834909392  0.004558235289772642
Numero de qubits: 36 
Layer   D  var(D)  Renyi  var(Renyi)
1  2.0  0.0  2.4538247019222485e-14  4.73890625397035e-15
2  4.0  0.0  1.8141560171003657  0.0016453846652302853
3  8.0  0.0  1.8141560171003739  0.0016453846652307407
4  16.0  0.0  3.6502464714739036  0.004310779395984855
5  32.0  0.0  3.650246471473912  0.004310779395987271
Numero de qubits: 37 
Layer   D  var(D)  Renyi  var(Renyi)
1  2.0  0.0  2.3352979212810946e-14  3.621289117258288e-15
2  4.0  0.0  1.8150921103989304  0.002790201715375389
3  8.0  0.0  1.8150921103989393  0.002790201715374544
4  16.0  0.0  3.6488787650230528  0.004352325129646633
5  32.0  0.0  3.64887876502306  0.00435232512964575
Numero de qubits: 38 
Layer   D  var(D)  Renyi  var(Renyi)
1  2.0  0.0  0.9064569982200574  3.87044510755941e-15
2  4.0  0.0  0.906456998220064  8.515960626416807e-15
3  8.0  0.0  2.7313605020358076  0.00432580663644475
4  16.0  0.0  2.731360502035816  0.00432580663644425
5  32.0  0.0  4.575967461633563  0.00479674907338511
Numero de qubits: 39 
Layer   D  var(D)  Renyi  var(Renyi)
1  2.0  0.0  0.9064569982200567  3.3120206318269656e-15
2  4.0  0.0  0.9064569982200602  1.1979455630641592e-14
3  8.0  0.0  2.731435923534243  0.004890208435303452
4  16.0  0.0  2.731435923534253  0.004890208435301859
5  32.0  0.0  4.577007609919965  0.005554285258957857
Numero de qubits: 40 
Layer   D  var(D)  Renyi  var(Renyi)
1  2.0  0.0  2.710098822227446e-14  4.293547655343357e-15
2  4.0  0.0  1.8149427295261962  0.002519367072938113
3  8.0  0.0  1.8149427295262037  0.0025193670729381982
4  16.0  0.0  3.6504473243419433  0.0042647326452188135
5  32.0  0.0  3.6504473243419504  0.004264732645218631
Numero de qubits: 41 
Layer   D  var(D)  Renyi  var(Renyi)
1  2.0  0.0  2.7645570727923013e-14  5.342235967379102e-15
2  4.0  0.0  1.8161956660202516  0.00341486566507229
3  8.0  0.0  1.8161956660202603  0.003414865665071498
4  16.0  0.0  3.6513838129774223  0.005503215760602396
5  32.0  0.0  3.6513838129774308  0.0055032157606033786
Numero de qubits: 42 
Layer   D  var(D)  Renyi  var(Renyi)
1  2.0  0.0  0.9064569982200599  2.9308626205876954e-15
2  4.0  0.0  0.9064569982200652  8.806420319959416e-15
3  8.0  0.0  2.732021960585678  0.004094984137595532
4  16.0  0.0  2.7320219605856884  0.004094984137596348
5  32.0  0.0  4.576356180608588  0.00527540228402829
Numero de qubits: 43 
Layer   D  var(D)  Renyi  var(Renyi)
1  2.0  0.0  0.9064569982200602  3.973528376453616e-15
2  4.0  0.0  0.9064569982200681  1.2163125351260165e-14
3  8.0  0.0  2.7288572335162042  0.004030922097126255
4  16.0  0.0  2.728857233516213  0.00403092209712903
5  32.0  0.0  4.5741387674249685  0.004615070380861523
Numero de qubits: 44 
Layer   D  var(D)  Renyi  var(Renyi)
1  2.0  0.0  3.12974769422721e-14  7.088988154893992e-15
2  4.0  0.0  1.8166147393213012  0.003673591654623365
3  8.0  0.0  1.816614739321312  0.0036735916546231295
4  16.0  0.0  3.652083882568971  0.004140580219860626
5  32.0  0.0  3.6520838825689808  0.004140580219859729
Numero de qubits: 45 
Layer   D  var(D)  Renyi  var(Renyi)
1  2.0  0.0  2.9887969280593494e-14  3.802644024610593e-15
2  4.0  0.0  1.8148872013190274  0.0022791889262907604
3  8.0  0.0  1.814887201319038  0.002279188926290592
4  16.0  0.0  3.651193281715552  0.004627525880254833
5  32.0  0.0  3.6511932817155595  0.00462752588025487
Numero de qubits: 46 
Layer   D  var(D)  Renyi  var(Renyi)
1  2.0  0.0  0.9064569982200623  2.9559883491798667e-15
2  4.0  0.0  0.9064569982200693  1.0455124134490106e-14
3  8.0  0.0  2.731574341625209  0.0038442711223925126
4  16.0  0.0  2.73157434162522  0.0038442711223920273
5  32.0  0.0  4.577553969880005  0.007296746064074633
Numero de qubits: 47 
Layer   D  var(D)  Renyi  var(Renyi)
1  2.0  0.0  0.9064569982200623  5.55527689938684e-15
2  4.0  0.0  0.9064569982200712  9.965913749379532e-15
3  8.0  0.0  2.729741646102721  0.003684386283202118
4  16.0  0.0  2.7297416461027315  0.0036843862831996183
5  32.0  0.0  4.574698777213551  0.006940887369492159
Numero de qubits: 48 
Layer   D  var(D)  Renyi  var(Renyi)
1  2.0  0.0  3.1105271352043194e-14  4.586496877227684e-15
2  4.0  0.0  1.8144321017005836  0.002379187484952704
3  8.0  0.0  1.8144321017005935  0.0023791874849504093
4  16.0  0.0  3.6507310669631132  0.004319769714018362
5  32.0  0.0  3.650731066963125  0.004319769714019235
Numero de qubits: 49 
Layer   D  var(D)  Renyi  var(Renyi)
1  2.0  0.0  3.232257342349288e-14  3.851978844717526e-15
2  4.0  0.0  1.8139343555471499  0.0020154661483357816
3  8.0  0.0  1.8139343555471623  0.0020154661483370116
4  16.0  0.0  3.6496471617785993  0.0042929742095511245
5  32.0  0.0  3.6496471617786113  0.0042929742095496985
Numero de qubits: 50 
Layer   D  var(D)  Renyi  var(Renyi)
1  2.0  0.0  0.906456998220065  6.525240789373532e-15
2  4.0  0.0  0.9064569982200738  1.0525710605827687e-14
3  8.0  0.0  2.729020540444468  0.0037910006082809674
4  16.0  0.0  2.729020540444479  0.0037910006082809886
5  32.0  0.0  4.574150606676983  0.0031442766572629863
Numero de qubits: 51 
Layer   D  var(D)  Renyi  var(Renyi)
1  2.0  0.0  0.9064569982200655  5.283308631263154e-15
2  4.0  0.0  0.9064569982200756  1.4180247252628266e-14
3  8.0  0.0  2.730306352312721  0.003060043691938297
4  16.0  0.0  2.7303063523127333  0.003060043691939727
5  32.0  0.0  4.575098408472828  0.003803967716450769
Numero de qubits: 52 
Layer   D  var(D)  Renyi  var(Renyi)
1  2.0  0.0  3.3251567109599234e-14  3.9437289883200506e-15
2  4.0  0.0  1.8153833822918366  0.002523685590272047
3  8.0  0.0  1.8153833822918504  0.0025236855902734086
4  16.0  0.0  3.650547154700176  0.0048014533949966185
5  32.0  0.0  3.6505471547001895  0.004801453394997318
Numero de qubits: 53 
Layer   D  var(D)  Renyi  var(Renyi)
1  2.0  0.0  3.289919019417959e-14  4.9472978837424714e-15
2  4.0  0.0  1.8151425228445053  0.0028131078005120256
3  8.0  0.0  1.8151425228445195  0.0028131078005126575
4  16.0  0.0  3.65050931490243  0.003199394101377404
5  32.0  0.0  3.6505093149024397  0.0031993941013788193
Numero de qubits: 54 
Layer   D  var(D)  Renyi  var(Renyi)
1  2.0  0.0  0.9064569982200663  5.645950747600719e-15
2  4.0  0.0  0.9064569982200785  1.5246256680978077e-14
3  8.0  0.0  2.7309066612264146  0.004831170081615738
4  16.0  0.0  2.73090666122643  0.0048311700816140914
5  32.0  0.0  4.574356524427243  0.005966990918267782
Numero de qubits: 55 
Layer   D  var(D)  Renyi  var(Renyi)
1  2.0  0.0  0.9064569982200673  5.834747504472176e-15
2  4.0  0.0  0.9064569982200809  1.1859551805201103e-14
3  8.0  0.0  2.72976398057332  0.004141537045672494
4  16.0  0.0  2.7297639805733342  0.004141537045673456
5  32.0  0.0  4.572996540393897  0.0067195265143837595
Numero de qubits: 56 
Layer   D  var(D)  Renyi  var(Renyi)
1  2.0  0.0  3.623075375814719e-14  5.561336627197767e-15
2  4.0  0.0  1.8159319687336748  0.0035849443460193543
3  8.0  0.0  1.8159319687336886  0.0035849443460165406
4  16.0  0.0  3.6529312798513174  0.0057278999619207365
5  32.0  0.0  3.6529312798513303  0.005727899961921922
Numero de qubits: 57 
Layer   D  var(D)  Renyi  var(Renyi)
1  2.0  0.0  3.578227404761309e-14  6.388487066912726e-15
2  4.0  0.0  1.8152821388177478  0.002939418559391497
3  8.0  0.0  1.8152821388177636  0.0029394185593905452
4  16.0  0.0  3.651881528463438  0.006406047929926323
5  32.0  0.0  3.6518815284634507  0.0064060479299288845
Numero de qubits: 58 
Layer   D  var(D)  Renyi  var(Renyi)
1  2.0  0.0  0.9064569982200718  4.54045927437998e-15
2  4.0  0.0  0.90645699822008  1.2709726313885996e-14
3  8.0  0.0  2.7301778150871425  0.003526223541894854
4  16.0  0.0  2.7301778150871567  0.003526223541895174
5  32.0  0.0  4.573062145125338  0.004842196962314037
Numero de qubits: 59 
Layer   D  var(D)  Renyi  var(Renyi)
1  2.0  0.0  0.906456998220067  5.0212897133649225e-15
2  4.0  0.0  0.906456998220078  1.1031980676237726e-14
3  8.0  0.0  2.73055002522024  0.004379210002061472
4  16.0  0.0  2.7305500252202513  0.004379210002062516
5  32.0  0.0  4.575013219158416  0.005164107136504146
Numero de qubits: 60 
Layer   D  var(D)  Renyi  var(Renyi)
1  2.0  0.0  4.017096835783964e-14  7.044916835517066e-15
2  4.0  0.0  1.8139904338396882  0.0013663318129740888
3  8.0  0.0  1.8139904338397066  0.0013663318129720115
4  16.0  0.0  3.6488968549006815  0.003538728661840786
5  32.0  0.0  3.6488968549006935  0.0035387286618412967
