Numero de qubits: 20 
Layer   Time var(Time)
1  0.01908359415  0.06283559900078609
2  0.004502609449999999  0.0004089753511192913
3  0.004812954399999999  0.0006146123052253673
4  0.0052224223  0.0005707896337270064
5  0.0075016208  0.0006444968678329322
6  0.01493028705  0.0011196837158374002
7  0.04651421385  0.002601815134097103
8  0.12292277005  0.0011757362920478576
9  0.5023594967  0.007004226755173579
10  1.2053222150000003  0.01089032879460093
11  2.52344035605  0.07457868300547237
12  1.8075386284000001  0.04935505823633597
13  2.4928706531499993  0.13727626999101095
14  1.8153383987000002  0.01755160507120228
15  2.4904517722999997  0.12013852065975654
Total= 13.062811992349998
Varianza= 0.2722303205284131

