Numero de qubits: 15 
Layer   Time var(Time)
1  0.05986359415000001  0.1701612954964003
2  0.00312967505  0.00033878933955077084
3  0.0033351331500000004  0.0004115723542635335
4  0.010485204949999999  0.02990235873267903
5  0.00492523695  0.00042578546786374403
6  0.009532436850000001  0.0034207926405794937
7  0.022833435300000003  0.002969168635194304
8  0.04344688025000001  0.008723241012901697
9  0.059791568100000005  0.03901004051195784
10  0.05084432095  0.004244394531420005
11  0.05325390535  0.006993877079459999
12  0.0496363227  0.0059599580842861904
13  0.05712318765  0.03355837179861288
14  0.04984411344999999  0.004987033618944707
15  0.052906217150000004  0.007906530395836534
Total= 0.5309512319999998
Varianza= 0.1825176727868857

Numero de qubits: 16 
Layer   Time var(Time)
1  0.0035865908500000003  0.00026499269447444667
2  0.0034465894500000003  0.0004965042912783811
3  0.003644048399999999  0.0005100715820639687
4  0.004086272550000001  0.0005575802960003586
5  0.0056456165  0.0007278171888262532
6  0.01021088275  0.0008805585469583426
7  0.029573172900000007  0.0014679668645955842
8  0.07829772185  0.04589627783252745
9  0.1459611716  0.05472466273972003
10  0.11699102494999998  0.054801479049597285
11  0.1538691111  0.0611476307976175
12  0.09400074295000001  0.008081204896847917
13  0.15199551760000002  0.06001955274019269
14  0.09418222055  0.003867021051767374
15  0.15024116265  0.05626397847175662
Total= 1.0457318466499994
Varianza= 0.0923771944419334

Numero de qubits: 17 
Layer   Time var(Time)
1  0.003916494550000001  0.0003340151254876753
2  0.003635126849999999  0.0005054282254957942
3  0.0106792825  0.030040706091108295
4  0.0049346765  0.001849954033743501
5  0.0057385649499999995  0.000288739645903273
6  0.011324572799999998  0.0012396082391064364
7  0.0313532188  0.002819924709827261
8  0.07941508424999998  0.033766141971298985
9  0.190143052  0.06598963452128796
10  0.23377171975  0.07425566994813518
11  0.2254884618  0.07076638684809634
12  0.20648878490000003  0.05199744037443375
13  0.22633413500000002  0.07541900113506754
14  0.22640668825  0.0712431901117485
15  0.20503116070000002  0.05628195569956207
Total= 1.6646610235999997
Varianza= 0.09787340789776158

Numero de qubits: 18 
Layer   Time var(Time)
1  0.0473403595  0.06143981582588973
2  0.0039376994  0.00040897032722135226
3  0.005498290349999999  0.005489920582390079
4  0.0047028055499999995  0.0002977331758973922
5  0.02073439075  0.041443427741287904
6  0.019241954400000004  0.0301665513935272
7  0.0366285735  0.0013581157585587289
8  0.09403333559999999  0.0054172234213145974
9  0.28643372000000006  0.05953833599410623
10  0.5686010903500001  0.06636377256772084
11  0.44686080915000004  0.07540861521548373
12  0.6048982029000001  0.03254507615108152
13  0.49157548955  0.04714264299519078
14  0.5588861519  0.0648619801815782
15  0.42754698515000006  0.07255933361253927
Total= 3.616919858050001
Varianza= 0.09995697582261728

Numero de qubits: 19 
Layer   Time var(Time)
1  0.0048018014999999985  0.0006198164269219959
2  0.0041975875499999996  0.00042795577156319267
3  0.0046405904  0.0007982706057809846
4  0.00844993985  0.00934101421588852
5  0.00719256675  0.000860620630628262
6  0.035527154850000006  0.04848462995002228
7  0.054746211499999996  0.04433636746941832
8  0.10424606615000001  0.007933282559008622
9  0.35289173214999997  0.07186990843408407
10  0.7276231933500001  0.03721823038526636
11  0.9034995739500001  0.07396058826550682
12  0.8589802878  0.04962067552940125
13  0.8665052279000001  0.05594718224708715
14  0.862679434  0.056577837285171566
15  0.8678965532000001  0.061540878577588005
Total= 5.663877920899999
Varianza= 0.13397418543649392

Numero de qubits: 20 
Layer   Time var(Time)
1  0.00490789105  0.00027216722103450935
2  0.03842696105  0.05891397223473378
3  0.0248126384  0.048215995420871356
4  0.00544241825  0.0006084143750740834
5  0.014312318900000004  0.02925966546508742
6  0.013819464199999996  0.0015224675855251759
7  0.04542105305  0.0022603969324262153
8  0.12455525734999998  0.0035143817177164948
9  0.49918155925  0.05480297086632206
10  1.18575449315  0.07236507898251998
11  2.4935849373999996  0.026592047368708814
12  1.8518835499500004  0.05027603087027939
13  2.5135297649500004  0.09383388545729028
14  1.85427098005  0.0526625040100726
15  2.4758316178  0.13039528534967648
Total= 13.145734904800003
Varianza= 0.2336946102287576

