Numero de qubits: 20 
Layer   Time var(Time)
1  0.019238882649999997  0.06380525209412609
2  0.0045294836  0.0004695070565295479
3  0.00482884085  0.0007392382728685167
4  0.005375563  0.0005117423761564993
5  0.008133561599999999  0.0009615342592852531
6  0.013698101899999999  0.001305872507012415
7  0.045282776999999996  0.0029934222879132166
8  0.13046238800000004  0.03183334931568271
9  0.5058402319  0.033693335129796935
10  1.3090805037500004  0.039428118223155555
11  2.9892866521  0.07164235696121303
12  2.0809262034  0.02523727957095368
13  2.8923893289500002  0.17403295076690406
14  2.0591498162499997  0.037977636870181554
15  2.8933474250499995  0.14678751672700438
Total= 14.961569759999998
Varianza= 0.34167003576680127

