Numero de qubits: 20 
Layer   Time var(Time)
1  0.060968159300000005  0.24538745900530537
2  0.004555065199999999  0.0004752569635175901
3  0.005263818850000001  0.0008258121957878966
4  0.005446041350000001  0.0007315137377660296
5  0.00749305715  0.0008386143658965827
6  0.014529619649999997  0.0023662993114133783
7  0.04608962935  0.004061487470913056
8  0.1454695249  0.046105979949661216
9  0.5222964129499998  0.044314280929177025
10  1.4356754471500002  0.03752090773252004
11  3.5678161570999998  0.07607637671249272
12  2.4151306628499998  0.05448027993631497
13  3.48998580855  0.1904653977794912
14  2.4090140849  0.04936325331342359
15  3.4726475704500004  0.15790222754284916
Total= 17.602381059699987
Varianza= 0.4784058109730808

