Numero de qubits: 20 
Layer   Time var(Time)
1  0.07594037509999998  0.21344441406488518
2  0.0045468365  0.00042448007468696324
3  0.0101517851  0.010468375214324432
4  0.011146496099999998  0.010757060671974425
5  0.0313626729  0.04253635267602682
6  0.0707060268  0.06984784064914482
7  0.1057945505  0.07011547873105774
8  0.12452622949999999  0.008500940329417015
9  0.5219695297  0.046277827489167124
10  1.2166638704000001  0.06608301595007318
11  2.7218231238999997  0.018762380889443268
12  1.9816246992  0.06255673494877123
Total= 6.8762561957
Varianza= 0.26566027232284395

Numero de qubits: 21 
Layer   Time var(Time)
1  0.0632428261  0.17471429594252014
2  0.0046137936  0.00037280709111474786
3  0.0097606742  0.009768436799688165
4  0.0058006823  0.0007847116293399825
5  0.010918861  0.009369213485163053
6  0.0559720251  0.06476394429185507
7  0.0614981794  0.04193058292635799
8  0.1284347105  0.002713846060870856
9  0.5092728579  0.06530462957712263
10  1.374234846  0.04023697788325602
11  3.3278954327  0.07736615959714344
12  4.3410051067  0.08723207018822826
Total= 9.8926499955
Varianza= 0.29155700001280577

Numero de qubits: 22 
Layer   Time var(Time)
1  0.0601549406  0.06728908397667312
2  0.0739195363  0.06888146191274286
3  0.0051378583  0.0004816790963056316
4  0.0062397168000000005  0.0005523289020175931
5  0.009205116099999999  0.0009770104255194464
6  0.016831938299999998  0.0019567434606197645
7  0.055787643  0.0008161494652304805
8  0.1578188449  0.0007775206272973671
9  0.638172937  0.03604185301020247
10  1.9422376656  0.0111424772764751
11  6.212728560499999  0.08456925463211402
12  17.377424659299997  0.13155507368797278
Total= 26.555659416699996
Varianza= 0.20726481541473596

Numero de qubits: 23 
Layer   Time var(Time)
1  0.0056621236  0.00020067394152116502
2  0.0057197905  0.0003375642502049795
3  0.019954629799999995  0.04202085425349106
4  0.0067269596000000004  0.00038170554423068036
5  0.009575720099999999  0.0006006275292913989
6  0.0166584691  0.0005839766578484882
7  0.1044343204  0.03351174820688244
8  0.17632407109999998  0.04002474635661187
9  0.6803538040999999  0.004456718755939846
10  2.0456165873000005  0.0446518996562986
11  6.898528961799999  0.06852797025428313
12  21.5022616179  0.141734240772531
Total= 31.471817055300004
Varianza= 0.16484299094887447

Numero de qubits: 24 
Layer   Time var(Time)
1  0.0066224696  0.000810866542482695
2  0.0063052071  0.00038324487197781263
3  0.0066076869  0.00038369883631344246
4  0.0077494190000000004  0.00040676786372942483
5  0.0113414887  0.00043926538222925106
6  0.0190638301  0.00047133263895479346
7  0.0771467123  0.00218888476012083
8  0.17927442379999997  0.001839316361104684
9  0.6020611852000001  0.005339649367390208
10  2.4463083846  0.14496295424205735
11  9.6757253477  0.07080601296071207
12  40.1301703236  0.21892307159282381
Total= 53.168376478599995
Varianza= 0.35213975779993417

Numero de qubits: 25 
Layer   Time var(Time)
1  0.0064648173  0.0002562490140277813
2  0.0065344192  0.0001677560255488906
3  0.0068496394  0.00013621816617338524
4  0.007842021100000002  0.00028043039819443616
5  0.010805980599999999  0.0008139377242121414
6  0.0189209564  0.0009375523541728433
7  0.0789566561  0.0020588689501094253
8  0.18477215930000002  0.0029339243491228965
9  0.6247380251  0.003236201742983894
10  2.6042666545  0.010276003368923111
11  10.3106773675  0.10860566282670932
12  44.23410653410001  0.2456621843337288
Total= 58.0949352306
Varianza= 0.3137821402053622

Numero de qubits: 26 
Layer   Time var(Time)
1  0.0063835622  0.00019176641714064536
2  0.0065108132999999995  0.00021793708650390367
3  0.0066795722  0.00045617334628752696
4  0.0077160224  0.000540708268950494
5  0.0106388281  0.0003086231718421189
6  0.0239468408  0.00028901658112426694
7  0.068920225  0.00021237101955304515
8  0.2049732872  0.0008741778501318581
9  0.7157742973  0.0025821688239292904
10  3.0063519131000005  0.01706351273150549
11  13.199243108900001  0.11022179304712156
12  63.379674858200005  0.2850333541667158
Total= 80.6368133287
Varianza= 0.35667904287491453

Numero de qubits: 27 
Layer   Time var(Time)
1  0.0067469111  0.00039486908041538264
2  0.0067721961  0.0005868932531730876
3  0.007062527000000001  0.0005916936731007015
4  0.0080497613  0.0006569674217393204
5  0.0110614764  0.00019874683893043442
6  0.019725452399999996  0.0005407118399101687
7  0.0714434212  0.0005738355149432288
8  0.2507492456  0.035147893179988725
9  0.7429018554000001  0.002818668407887724
10  2.7554788002999997  0.167389757884644
11  13.540065457099999  0.12384815197630591
12  67.2915047276  0.48645321763393684
Total= 84.71156183149999
Varianza= 0.6964413663529557

Numero de qubits: 28 
Layer   Time var(Time)
1  0.006993613200000001  0.0003719268673881466
2  0.007049592700000001  0.0005589166409549907
3  0.007406945899999999  0.0005486043284248584
4  0.008449238299999998  0.0006347969284865911
5  0.011902463600000001  0.0006816057778587563
6  0.021583845100000002  0.0011302037596442023
7  0.0980284581  0.0022645717821641897
8  0.23350739869999998  0.0037432924476467773
9  0.8343590427  0.0037716030503724355
10  3.5272969089999995  0.03312805170313672
11  16.368465142700003  0.274603059533327
12  85.7896858254  1.0521639121618915
Total= 106.91472847540001
Varianza= 1.2606130762441687

Numero de qubits: 29 
Layer   Time var(Time)
1  0.0074704449000000004  5.5251510845315204e-5
2  0.007647531000000001  5.007179235457821e-5
3  0.0079866781  3.6693094324272936e-5
4  0.0090778669  4.396196074210058e-5
5  0.012063402499999997  9.904796271024455e-5
6  0.0218776205  9.799454121556994e-5
7  0.10062606389999999  0.0006094899415725322
8  0.2394092712  0.0010543901651810707
9  0.8588193260000001  0.00441399112088936
10  3.6147837063  0.02865779735147613
11  16.696663398  0.11962917714837742
12  89.53110681880001  0.40472149053231465
Total= 111.10753212809998
Varianza= 0.47822809860615756

Numero de qubits: 30 
Layer   Time var(Time)
1  0.0077996303999999985  7.307074684057909e-5
2  0.0080053684  4.4307093073682795e-5
3  0.0083016292  4.3667494621972456e-5
4  0.009608503800000001  6.144661155474724e-5
5  0.012604562900000001  0.00010646299763528178
6  0.0233424674  0.00014599931363345548
7  0.10605856139999999  0.0005692570797114763
8  0.2617637802  0.0015464582060977783
9  0.9536821028  0.003487480195082902
10  3.5512575405  0.0271724506387893
11  19.2058242833  0.19102718090002604
12  107.17394528499999  0.5028949022810564
Total= 131.3221937153
Varianza= 0.5638727743371215

Numero de qubits: 31 
Layer   Time var(Time)
1  0.008074814199999999  0.0003749782878303223
2  0.008205492300000002  0.0005395219121120199
3  0.0085415647  0.0005229356044434249
4  0.0100018267  0.0004446472197927365
5  0.013192531599999998  0.00017644834775321644
6  0.024107307200000004  0.00029605302737104375
7  0.1077226961  0.0005126385161381168
8  0.26968625189999995  0.0013723967129193706
9  0.9777766725999999  0.006486441687589442
10  3.6543673415  0.04157372917378784
11  19.9627935711  0.13936521452610465
12  111.63729437729998  0.919634881303036
Total= 136.68176444719998
Varianza= 0.967842728116696

Numero de qubits: 32 
Layer   Time var(Time)
1  0.008579188899999998  0.00038195827540464424
2  0.008680221500000002  0.00048052210723467236
3  0.009040764500000001  0.00048793542338535943
4  0.0106886162  0.0004197623162650027
5  0.014809747999999998  0.00110677901377059
6  0.026117730999999998  0.0010584851749551342
7  0.09807157130000001  0.0032655054257923386
8  0.32117594559999996  0.010058092692756739
9  1.0683294010000002  0.0030326077618770824
10  4.0117576995  0.02746505537880264
11  22.484759257999997  0.18050250289949502
12  128.6970151561  0.4255776538923279
Total= 156.75902530160002
Varianza= 0.5525324880891804

Numero de qubits: 33 
Layer   Time var(Time)
1  0.008787819799999999  0.0001040456179161812
2  0.008925730699999999  4.2651408073005124e-5
3  0.009324575499999998  3.3539028621145335e-5
4  0.0106863975  4.7284020316064345e-5
5  0.0139926944  0.00012036334813156374
6  0.0258986515  0.0001195392590760454
7  0.0981207104  0.0005541790451991487
8  0.47636374119999997  0.0023100939574116895
9  1.4489318409999998  0.007815633255498928
10  5.1966263172  0.06343896136172833
11  23.853356355699997  0.1400625877990429
12  135.51201788670002  0.28713889684368654
Total= 166.66303272160002
Varianza= 0.3187150914761527

Numero de qubits: 34 
Layer   Time var(Time)
1  0.0089759488  0.0005706818824265932
2  0.009013103599999999  0.0007131867949154976
3  0.009450810200000001  0.0006776325470457863
4  0.0108434117  0.0006974640465271384
5  0.014353460799999999  0.0006766401612274871
6  0.027097617600000002  0.000646769442001893
7  0.2636107969  0.0011020605023233862
8  0.5002308530999999  0.0013241110659037115
9  1.5403116734000002  0.00642055747401233
10  5.5625987971  0.054426817279453116
11  26.8279157974  0.14574849381281527
12  154.4321464466  0.2870836333169118
Total= 189.20654871719995
Varianza= 0.3654864534735317

Numero de qubits: 35 
Layer   Time var(Time)
1  0.0098122749  0.0002992467842976597
2  0.009919641100000001  0.000302083246331686
3  0.010436843000000001  0.0003120660355748444
4  0.012255389  0.0006003748559806617
5  0.016733643  0.0013500187832408853
6  0.0291555075  0.0009439009668896671
7  0.1343351499  0.001210233313006337
8  0.3247420096  0.0021084644648678456
9  1.2074932036  0.0037906888655388302
10  5.1456479031999995  0.04093665894675536
11  26.667653277700005  0.26953112021011094
12  156.20545876959997  0.7620576172917882
Total= 189.7736436121
Varianza= 1.0573791696076553

Numero de qubits: 36 
Layer   Time var(Time)
1  0.0097452013  7.837350425500943e-5
2  0.0098865764  8.780744703861966e-5
3  0.0103749181  0.00011980305474607087
4  0.011832467099999999  0.0001355795390923352
5  0.0152919998  0.00010460848882552495
6  0.028669581300000004  0.00018030016609423853
7  0.1273959959  0.01565898174931186
8  0.5058229086000001  0.1691868483527897
9  1.5469684586999999  0.2611949728118855
10  5.645126922099999  0.6601449987896673
11  29.242534102100002  0.43993628182327593
12  174.1941964541  1.1770159859089784
Total= 211.3478455855
Varianza= 2.6822965021399137

Numero de qubits: 37 
Layer   Time var(Time)
1  0.0097464894  0.0007048321744696677
2  0.0097666226  0.0008898918310982746
3  0.0103013232  0.0008965588279857378
4  0.0119166679  0.0007637506649782308
5  0.0154816442  0.0007343001623646558
6  0.029075614000000007  0.0008399531743544995
7  0.2819029645  0.0020305183012685715
8  0.5268253030000001  0.0063040097051891494
9  1.8149952578000004  0.008772906388553027
10  6.3095785271  0.03633276963105015
11  30.4091423299  0.17520450071758079
12  178.97192370580004  0.48958404745442186
Total= 218.40065644940006
Varianza= 0.6283921380827441

Numero de qubits: 38 
Layer   Time var(Time)
1  0.0104802096  0.00024529597512482754
2  0.0105924935  8.732397663099173e-5
3  0.011168305299999997  9.727641666925218e-5
4  0.012591363  6.298216947517752e-5
5  0.0162319382  5.652460965420299e-5
6  0.0307422337  0.00021650139223896466
7  0.15087468460000003  0.0005966508409138846
8  0.36615218569999997  0.0013349553899172886
9  1.4004881923999999  0.004281028102997156
10  5.4965477895  0.03886015459649663
11  32.1371942986  0.3745070717995832
12  195.7578415177  0.6846565842377126
Total= 235.40090521180005
Varianza= 1.0640802703760293

Numero de qubits: 39 
Layer   Time var(Time)
1  0.010490706899999999  0.0006941023134387969
2  0.0106542776  0.0008190734249003811
3  0.011308004600000001  0.0008565612817572598
4  0.012846550200000001  0.0009244543108043575
5  0.0166839023  0.0008199161458223697
6  0.0314063351  0.0007519453105737741
7  0.1556331197  0.0020764307610683275
8  0.37586930729999996  0.00438287127546135
9  1.4340378057  0.012980055521428066
10  5.6117034649000015  0.0632617208201417
11  32.901282602500004  0.3383754019747894
12  198.6161139824  1.2632093235317634
Total= 239.18803005920003
Varianza= 1.5013363423080903

Numero de qubits: 40 
Layer   Time var(Time)
1  0.0107823832  0.0007084473591049376
2  0.011022886800000001  0.0005660957302804535
3  0.0117986406  0.0002024335576287686
4  0.0128529744  0.00097944855046329
5  0.0170535803  0.0008125695259170196
6  0.0326254166  0.0007455811649775221
7  0.13037437999999998  0.0021000556642927822
8  0.5823844818999999  0.005271590150030208
9  2.1701085972  0.06447965233794742
10  7.367810812100001  0.08333195038688188
11  35.9958726548  0.2764198095127758
12  218.8949666779  0.30236023603339807
Total= 265.2376534858
Varianza= 0.5607208865312646

Numero de qubits: 41 
Layer   Time var(Time)
1  0.011226430400000001  0.0008267631863627217
2  0.0112794271  0.0008310755655222277
3  0.012000449  0.0007759872459954481
4  0.0135470904  4.896818795136301e-5
5  0.0175293603  0.0004152737406928234
6  0.03288242129999999  0.0007994220819992463
7  0.12946999369999998  0.0009370871127352125
8  0.5861151267  0.0028090244853653684
9  2.226374833  0.006473657944920741
10  7.5388480434  0.019979655033729043
11  36.618133014600005  0.30150024958671884
12  222.864650717  0.18781183098282914
Total= 270.0620569069
Varianza= 0.4723640290424558

Numero de qubits: 42 
Layer   Time var(Time)
1  0.0129042308  0.0003907993244760795
2  0.012093000699999999  0.00028225600821454595
3  0.013016722599999999  0.00018666523827440395
4  0.015296315700000002  0.0004398421346863102
5  0.020558202000000005  0.0006565926481015457
6  0.035895618000000004  0.0013756078870921023
7  0.1747919892  0.002718818024997145
8  0.4237302024  0.0023967215069290934
9  1.6365475951999997  0.00656274893337172
10  6.4655857695  0.040115805000001885
11  38.6593057223  0.16688666267389757
12  237.2722694029  1.3247701364970552
Total= 284.7419947713
Varianza= 1.4561937287472841

Numero de qubits: 43 
Layer   Time var(Time)
1  0.014444982200000001  0.0002054627758572342
2  0.0096163418  6.027683061309721e-5
3  0.012855707999999999  9.414505858408062e-5
4  0.015245249899999999  7.508624999352433e-5
5  0.019869846099999998  0.00023686382796554237
6  0.035449662699999995  0.00012538963090547037
7  0.1730215354  0.0006980578783053977
8  0.4296224954  0.0017313985505145986
9  1.6560539400999996  0.003698336744408395
10  6.5594923398  0.027052576543655237
11  39.21772672509999  0.14618917960770403
12  240.45926220569999  0.9795038608596719
Total= 288.6026610322
Varianza= 1.0834178683879008

Numero de qubits: 44 
Layer   Time var(Time)
1  0.012259141900000001  0.0008368443712667787
2  0.012272545900000001  0.000934026420531823
3  0.013043351900000003  0.0008619387490628843
4  0.014611697399999998  0.0009195762324572338
5  0.0191693626  0.00023003161735778857
6  0.036333733599999994  0.0006658979118227054
7  0.14554348660000002  0.0010676254645122698
8  0.49278023410000005  0.0015646090841455252
9  1.7474528353  0.007417937901920156
10  8.769675344  0.0823149562233158
11  42.5240217862  0.24418680903963066
12  263.32063885380006  1.0581099985094296
Total= 317.10780237330005
Varianza= 1.2524843929862046

Numero de qubits: 45 
Layer   Time var(Time)
1  0.012674572500000003  0.0009337926370013046
2  0.012660780800000002  0.000862929316280517
3  0.013158059599999999  0.0007776737361295161
4  0.015029568799999999  0.0009470963566045219
5  0.019604226300000003  0.0003053582270363938
6  0.0370206946  0.0005447858449473891
7  0.227489023  0.0010957172132452792
8  0.7813777351999999  0.002325640755511801
9  2.4847812751  0.004556896452714791
10  8.7260738794  0.031210982053418445
11  42.9525063119  0.22904779858706364
12  268.0868396213  0.8077426557556052
Total= 323.3692157484999
Varianza= 0.8472352983694434

Numero de qubits: 46 
Layer   Time var(Time)
1  0.0131947067  8.731646465363794e-5
2  0.013249865599999999  6.423446343700541e-5
3  0.0139398334  0.0001430773829374859
4  0.0416827232  0.00013830508217907252
5  0.0202867439  7.868660378037694e-5
6  0.0385663244  7.656892280318459e-5
7  0.15439240270000001  0.00025123624210612877
8  0.8208880043000001  0.003120439694525604
9  2.5604184441  0.006110336569047412
10  8.959503636  0.033358618711918725
11  45.58451234620001  0.14757009173731778
12  286.7229915077  0.34652419223253456
Total= 344.94362653819996
Varianza= 0.3075101157606514

Numero de qubits: 47 
Layer   Time var(Time)
1  0.0134834871  0.0007231377317192696
2  0.0133510631  0.0008754851137324322
3  0.0140367301  0.0009106008639123347
4  0.0217400026  0.0008566305299132407
5  0.0179041057  8.435666407587501e-5
6  0.0365325275  0.000428161620700699
7  0.1577129206  0.0026231719019027015
8  0.5028224485999999  0.0027221946876537584
9  1.8896924306999998  0.007158541980903346
10  8.4944554138  0.030919898253229227
11  45.6018671618  0.3222781837927681
12  288.8876602271  1.1921817044588747
Total= 345.6512585187
Varianza= 1.409886081939854

Numero de qubits: 48 
Layer   Time var(Time)
1  0.014359459700000002  0.00036611584400160854
2  0.0144184229  0.0003519354822558958
3  0.0151805085  0.00042385998914152103
4  0.0172829636  0.0008041919889658445
5  0.0227918366  0.0013860487001472353
6  0.0419138078  0.0018717018429734382
7  0.16543000089999998  0.005665238292973641
8  0.8648311524000001  0.005593398365796827
9  2.8384787616000002  0.048635912871707605
10  9.675398366599998  0.0733784712054989
11  49.07968860570001  0.4101127794199506
12  309.4126280645  0.47132405346985873
Total= 372.1624019508
Varianza= 0.8003943843237193

