Numero de qubits: 15 
Layer   Time var(Time)
1  0.04435273855000001  0.13279803821229016
2  0.0033537787000000006  0.0007013012887919214
3  0.003691775750000001  0.000642368237728787
4  0.00361986615  6.530573308468027e-5
5  0.00531602085  0.0020717761838432323
6  0.00985424345  0.0014138251213226647
7  0.02448982445  0.0015416991888274917
8  0.046105136850000006  0.002888978866398529
9  0.06612591010000002  0.039427673826284385
10  0.0731921095  0.05217112122220166
11  0.07623364084999999  0.056944850346473744
12  0.05863947385  0.008208705786617197
13  0.0661680514  0.040932472996754204
14  0.07281660015  0.05249047860644336
15  0.05682236009999999  0.005089688738129847
Total= 0.6107815306999997
Varianza= 0.19195671976129047

Numero de qubits: 16 
Layer   Time var(Time)
1  0.003716601399999999  0.00010664332647306157
2  0.0038146175  0.0010245984521513535
3  0.0041596137  0.0009019668819038811
4  0.0041497337  0.0003420746650635062
5  0.005818118150000001  0.0007936621508553419
6  0.0108107122  0.0013664211941260135
7  0.03218918529999999  0.0014910087284264665
8  0.0701548558  0.005959697092575996
9  0.17376329415  0.08031616606825935
10  0.12091272869999999  0.05371440479853955
11  0.191923893  0.08347882366505534
12  0.10988520549999999  0.04156135539026256
13  0.1701019056  0.06911224771070114
14  0.11059918659999998  0.0385214699305882
15  0.16190959005  0.06388383832123955
Total= 1.1739092413500007
Varianza= 0.09959377172819336

Numero de qubits: 17 
Layer   Time var(Time)
1  0.00420593165  0.0005286968368558938
2  0.0037530092500000006  0.0003960883143404859
3  0.0041649040499999995  0.0006478973691878579
4  0.004407838349999999  0.0003245873576255358
5  0.006364859349999999  0.001272206152975267
6  0.013175411449999999  0.006757501298710413
7  0.041725761650000005  0.03314199259565141
8  0.07616408709999999  0.0055560237426374335
9  0.2194481786  0.084144291275369
10  0.24963366715  0.08271908671736898
11  0.25935519755  0.09013795154125614
12  0.21263923929999998  0.03729431302322373
13  0.25767138610000007  0.09008632435794407
14  0.24265407170000003  0.08232307034606984
15  0.2145153782  0.055554260120696794
Total= 1.8098789214500006
Varianza= 0.09472289278226376

Numero de qubits: 18 
Layer   Time var(Time)
1  0.02084066925  0.04888989266151158
2  0.0041585527  0.00038395246193338825
3  0.004419849800000001  0.0004653520589837976
4  0.005415418350000001  0.0010230223778298925
5  0.00762194005  0.0017177941523330283
6  0.013541587600000005  0.0017715650066146994
7  0.040026808550000015  0.0035917527125660597
8  0.10019424744999998  0.0077587597173962965
9  0.3700512811000001  0.08381309460660542
10  0.5870864701499999  0.08172835209478395
11  0.4208910435499999  0.07075575141995524
12  0.7210853248  0.19862395933417593
13  0.5294313319999999  0.06715374889805716
14  0.66547546245  0.041889043116158826
15  0.52696393495  0.07077069597257207
Total= 4.017203922749998
Varianza= 0.24618779925035966

Numero de qubits: 19 
Layer   Time var(Time)
1  0.004987422050000001  0.0006003188360059572
2  0.0044647614  0.0005471816233254184
3  0.004769701449999999  0.0005743973311255438
4  0.007787963049999999  0.008003941841585234
5  0.0075339959  0.0008240604217220908
6  0.033016710299999995  0.04781493796830171
7  0.0592253734  0.04891725032124933
8  0.16148663064999996  0.07757880120631924
9  0.37200101550000003  0.08878493479121892
10  0.79298249775  0.057388564727691674
11  0.9287217578000002  0.059512004299424416
12  0.9048893041000001  0.050727085198724556
13  0.9776155258499999  0.18764693306954866
14  0.93561651025  0.09979569851964688
15  0.9254573182  0.07956296126695364
Total= 6.120556487649998
Varianza= 0.3995472079457848

Numero de qubits: 20 
Layer   Time var(Time)
1  0.007078124099999998  0.0055745785280752035
2  0.013083007700000001  0.034369891900960764
3  0.023698152700000003  0.054654236525039805
4  0.022150609850000003  0.04798687353121838
5  0.01847686355  0.03617357661604585
6  0.015838746049999998  0.0016314056433067
7  0.0494747407  0.004724423456538884
8  0.1434934544  0.014730049964967467
9  0.5780593492999999  0.07690509638634399
10  1.34024644565  0.1471362504067357
11  2.88792018445  0.27781430715280864
12  2.1132548445499997  0.20968430509819772
13  2.8971517057  0.6184605365735595
14  3.2136460612499995  3.216773854640895
15  3.2010544539500003  1.7250887044871095
Total= 16.5246267439
Varianza= 4.299638383777287

