Numero de qubits: 20 
Layer   Time var(Time)
1  0.060853617049999996  0.16855607671725872
2  0.00447698935  0.00041440139773561046
3  0.0045975506999999995  0.0004310147176473329
4  0.0056967343500000005  0.002025233816459307
5  0.0078659176  0.001149815859966821
6  0.014679614999999998  0.0015242311716070827
7  0.04571628379999999  0.003061957719560765
8  0.12396357274999999  0.00612033917832971
9  0.5112545555499999  0.007240760523815438
10  1.2462959562000002  0.03409693325402153
11  2.6738280639000003  0.14442147671378586
12  1.8835205717500003  0.07287421259922869
13  2.5902662789  0.07469134704585392
14  1.8798925542000002  0.043859001071268736
15  2.6149965627999996  0.10495499563673785
Total= 13.667904823899997
Varianza= 0.3281178575402144

