Numero de qubits: 20 
0.003855782740570681
0.0037868626303957406
0.0037693663820956443
0.003720730033525911
0.003716111900969615
0.0036949750758273024
0.003674052108433351
0.0036556955444003465
0.0036259574801491426
0.0036170061936283376
0.00358465730259149
0.003561319468229216
0.003520265214551423
0.0035051196599136408
0.003500943282206457
0.0034896274384266105
0.003466449503782237
0.0034436733786748024
0.003438216819338539
0.003418139956906665
0.003413841549936642
0.003391197250841
0.0033780755124204116
0.003351082001846891
0.0033451194660007342
0.003330676476218753
0.003318899967372219
0.003309479706065425
0.0033002401655173744
0.0032833194800991733
0.003256217160422669
0.0032530082941319128
0.0032383657561294668
0.0032148493746892654
0.0032036286832364527
0.003188869599344665
0.0031793760327127815
0.0031715371100175687
0.0031639686175328483
0.0031514365525499863
0.003140222750687172
0.003131206248242936
0.003119473270778284
0.003096859705976455
0.003083154424806932
0.0030661770661567344
0.003061792508622292
0.0030540283588474577
0.003047264930850446
0.0030337036092198512
0.0030237274687058085
0.003009664820414195
0.00300092776593562
0.002988434477032867
0.002981920078458696
0.0029629863748226117
0.0029584999311014636
0.002948352729134148
0.002929484883896019
0.002927204363560603
0.002914484557113378
0.0029019249804987696
0.0028913212135323317
0.0028818120383913596
0.002871852557972482
0.002865232185665034
0.002852450630022562
0.0028430525451694335
0.002834417907592877
0.002829707557222057
0.0028100437755162132
0.0028036764870473046
0.0027990225367859013
0.0027869470764835674
0.002779353183258777
0.00277265021713312
0.0027649563934488246
0.0027527734331709956
0.0027438875948655453
0.0027327496499892296
0.0027267186613699514
0.002718913616656695
0.0027091795421462397
0.002704182223645707
0.0026916147560596985
0.002685486266437388
0.002673564174015446
0.0026640059849203823
0.0026558211392426925
0.0026448194381867825
0.0026340235817064617
0.0026265448343110206
0.0026165666132418213
0.0026025886944411446
0.002597674306855714
0.0025882977313240354
0.0025805209480425162
0.0025771740911025537
0.002566255893454555
0.002558648409145075
0.0025447356972953896
0.0025396475370754695
0.0025275180109427856
0.0025170239505945594
0.0025132928641366957
0.0025010782230132467
0.0024954576795866755
0.0024892203990245637
0.002488149205539459
0.002473034137905496
0.0024659510017664968
0.002452180807278204
0.0024512074533939504
0.0024449998795865718
0.002435266883511506
0.0024319397997250615
0.002416464656283664
0.002408442557276203
0.0024030386364273
0.002397267357943419
0.0023896823925611335
0.002380105401571968
0.0023753630380224924
0.002369106193683916
0.0023590941062633123
0.0023537735053046956
0.0023445754958791813
0.0023396055732853175
0.0023300285942155726
0.002324898395225818
0.002318634842574563
0.0023143176012329052
0.0023093035607490106
0.002298176536146832
0.00228921330965039
0.0022842856254687858
0.0022713761604606303
0.002268592138204855
0.002257474928460177
0.0022559396418153957
0.00224475322727532
0.0022406473352012744
0.0022310025499786817
0.002224312889906614
0.0022156634245065797
0.002212183690781471
0.002209485569803061
0.002201947289373308
0.002194293756307481
0.0021850690815815284
0.002182550521296695
0.002176080873772777
0.0021715889710849706
0.0021640956971921334
0.002160341334340215
0.0021535677363495194
0.0021467603998421183
0.0021396820778867135
0.0021319661711757614
0.0021224167965620596
0.0021170487758994366
0.0021056890545158758
0.0021018465142421034
0.0020955547304862
0.002086925155881029
0.002079990262179885
0.0020755355659358163
0.002071425092465637
0.0020683640081431607
0.002060243458610014
0.002052641076964819
0.0020489013458204145
0.0020412532827813732
0.0020315546865114927
0.002025607883967818
0.0020205493666573663
0.0020135438936914663
0.0020107101674144553
0.0020076036028023984
0.0019953990962041064
0.0019917344063745176
0.001982552072645983
0.001972678161994606
0.0019716892729279498
0.001964667359592963
0.001961059804434408
0.0019526814516700214
0.001946366628471378
0.0019405377832590455
0.0019300205044467354
0.0019261734549502986
0.0019191555944765542
0.0019155627410238605
0.0019097023462191342
0.0019025092487179247
0.001896756412503942
0.001891203336610655
0.0018859207559469616
0.0018831303526549346
0.0018779089774540788
0.0018692229688605398
0.0018626192800480182
0.0018590407960903026
0.001856602219146022
0.0018481697733581381
0.0018410932770534536
0.0018358555871922184
0.0018298183104299163
0.0018268867939591853
0.0018227530117014706
0.0018167070245771785
0.001812791748574111
0.0018030133776857015
0.001795850710179615
0.0017899278342409296
0.0017855129517327848
0.001782362298016815
0.0017757411070870182
0.0017723547643625007
0.0017679609137383067
0.00176293850518409
0.001755466803818213
0.0017476000570758748
0.0017441804475825647
0.001735820513469884
0.001732645573454926
0.0017259806621021528
0.001721214817126714
0.0017170274242429158
0.0017100246225459637
0.0017042489219569004
0.001700635870276324
0.0016968466388294662
0.0016913855374978304
0.0016833239393567706
0.0016804713740173496
0.0016746171936884763
0.0016710873524182395
0.00166904399806349
0.0016620331324676953
0.001654343771546986
0.0016450361649256186
0.0016420286149063305
0.001637606688135776
0.0016334682321143996
0.0016272116412798922
0.0016224965399158078
0.0016192990336428756
0.0016152679496469176
0.0016075754904448709
0.0016033175398872048
0.001597063386019414
0.0015877304703911625
0.0015861724122608041
0.0015822965704027682
0.0015759582465613023
0.001573735564478642
0.0015662929694530506
0.0015611074419253068
0.0015553068288703977
0.0015504265695249113
0.001545394354540486
0.0015415004543562275
0.0015384687638160196
0.001530942890450465
0.001528960747475542
0.0015216627314005276
0.001518148469238286
0.0015155188410434265
0.001507680036391922
0.0015046735888190627
0.0015000215550310817
0.0014982378248421203
0.001495497749572296
0.0014874607706620525
0.0014793326589623921
0.0014758501508953575
0.0014745307243994336
0.0014680232272199943
0.0014641336741211695
0.001462560207309358
0.0014540270406997752
0.0014512195046424493
0.0014445340323007013
0.001441518885019503
0.001436791669208397
0.001428927767539755
0.0014268313553383943
0.0014186733174323153
0.0014146332096189145
0.0014104175372550134
0.001406958847279902
0.0013995310399692053
0.0013974083539218319
0.0013908021385297098
0.001389205466993181
0.001383811134648794
0.0013796937651616606
0.0013758410532282996
0.0013730904030913862
0.0013710245124470488
0.001365707729794706
0.0013622272723965987
0.0013548053635352398
0.001351012351782661
0.0013454719625953001
0.0013388559258892371
0.0013366014252827302
0.0013326776176423671
0.001324887722954456
0.0013230245127366755
0.0013198553632448923
0.001317465787574277
0.0013113899768425188
0.0013091975591806213
0.001303768735862708
0.0012988629343098866
0.0012900305300266928
0.001287254432194131
0.0012857980709766455
0.0012801295634491667
0.0012760196484706292
0.001273177303431009
0.0012698573947253389
0.0012666353929386342
0.0012600647892128207
0.0012544945949965575
0.0012519780846689697
0.0012465358862177934
0.0012425428342272755
0.0012388159088564154
0.001235062820416036
0.001228720822364617
0.0012251613786024482
0.001220762265928086
0.0012169623019737035
0.0012149063550377013
0.0012070921619779876
0.0012039355328963784
0.0012018482158511704
0.001196490199477572
0.0011931892063338368
0.0011893146853941897
0.0011860630632589372
0.0011826561811891076
0.0011789854654725078
0.0011742761500913228
0.0011727867157272298
0.0011675541847295822
0.0011651718767742344
0.0011610425956607928
0.0011570920249914967
0.001151105431053174
0.0011488588158453524
0.0011460615079922664
0.0011400871737519615
0.0011381352823591048
0.0011336203767783725
0.0011325029653582242
0.0011259958711501233
0.0011213247700430369
0.0011179293118898468
0.0011161024355827132
0.0011105713386536102
0.0011085403652187494
0.001104806677451399
0.001101821743133746
0.0010989383528454643
0.0010937281431904148
0.0010899282705562575
0.001085723620706013
0.0010830888989989645
0.0010795726592365143
0.0010748580372919472
0.0010709594399283039
0.0010680268937040432
0.0010634523435961163
0.0010615262029069015
0.0010564901523780644
0.0010525144012253165
0.0010475771717993537
0.0010444280377767308
0.0010413832305550918
0.0010387560355772127
0.001033088322829643
0.0010293251520500947
0.0010272658185067937
0.0010218456923971819
0.0010193841102861792
0.0010169711902444625
0.0010108894492877295
0.0010065016335569139
0.0010052580319175595
0.0009994380869621754
0.0009986269269265816
0.0009956077971951538
0.0009913040294287322
0.0009874385696103205
0.0009832871003161972
0.0009806864379300767
0.0009774974860729383
0.0009732196961197301
0.0009691562829629684
0.0009676677087879939
0.000965490279836764
0.0009615300181149257
0.0009575865097988976
0.0009545875920110874
0.0009491177116774089
0.0009434230470088127
0.0009408462071591637
0.0009388223158985252
0.0009371884773424711
0.0009331405575935313
0.0009314798015584306
0.0009244931980095327
0.0009218267533246631
0.0009192932448620498
0.0009148913450705473
0.0009132003542425552
0.0009088797822222359
0.0009044620346582808
0.0009037789874357643
0.0009005505503341605
0.000895269903131158
0.000890028720940601
0.0008864609726955904
0.0008827658922428553
0.0008804433542192182
0.0008784755371538384
0.0008746230076685958
0.0008717284206008493
0.0008688956015578673
0.000868089486076976
0.0008600423169031626
0.0008584674162016361
0.0008569700333053594
0.0008534803229199326
0.0008493707265309311
0.0008454719677329852
0.000844109306182379
0.0008410322382427977
0.0008388762468316186
0.0008345201844803455
0.0008321454054609666
0.0008274705209467124
0.0008250273533386744
0.0008215061265619486
0.0008205022705834718
0.0008171800324318831
0.0008116425236134575
0.0008072606055720147
0.0008045274620043079
0.0008033728490774472
0.0007990859173642261
0.0007961098679359967
0.0007944014609842775
0.0007896475031860527
0.0007888975553552583
0.0007869290972685689
0.0007833542393674057
0.0007782222587510489
0.0007743944132120234
0.0007729572393310261
0.0007689829501794904
0.000768074620853708
0.0007666518708748212
0.0007621488305708866
0.0007607929346332726
0.0007558821708564815
0.0007541792970592193
0.0007487585447820422
0.000747536673510721
0.0007421732336633523
0.0007390180029110856
0.000737009069559393
0.0007339358369142438
0.0007304110627136195
0.0007270575082944662
0.0007235329144110792
0.0007224972006289648
0.0007194661203909184
0.0007153234386086138
0.0007132505658419012
0.0007103617213045702
0.0007086405649674891
0.0007049141925814279
0.0007021314074066451
0.0006987304784034845
0.0006966174046697728
0.0006946218568896015
0.0006923894283811333
0.0006888951053968096
0.0006856571970925152
0.0006842409660691994
0.0006800207818118952
0.0006784855362234501
0.0006759087097038823
0.0006725066704442105
0.0006686536007718344
0.0006656488347120124
0.0006639766499534182
0.0006632635913515209
0.0006591225430425929
0.0006569231683341142
0.0006551154834004668
0.0006515403283029178
0.0006487854910414316
0.0006478700586132864
0.00064445623509543
0.0006414243549091047
0.0006383707151239301
0.0006355897025505428
0.0006329094367359798
0.0006302633366227319
0.0006283471329457257
0.0006257574835566987
0.0006238253650146972
0.0006213971161005879
0.0006182734617923417
0.000617143099025752
0.0006137004867072502
0.0006118498290462792
0.0006087737281958582
0.0006077973484385727
0.0006033923835685295
0.0006025053220930491
0.0005976541719185374
0.000593652210093389
0.0005904420674295197
0.000588446242848245
0.0005866388978659313
0.0005855097706334357
0.0005842041620505275
0.000578406260939204
0.0005755880230359075
0.0005724961136361081
0.0005714277605927032
0.0005671545742661136
0.0005645672711809365
0.0005635272864454848
0.0005619136599021446
0.0005594341922224366
0.0005559337728370566
0.0005528677030884385
0.0005512659130182092
0.0005504044781384478
0.0005457414429650733
0.0005427831711527125
0.0005416241975833623
0.0005374945844590427
0.0005362732538971196
0.000533764190328613
0.0005330067404880529
0.0005289717641562746
0.0005285218624294642
0.000524832553081933
0.0005236158085517868
0.00052115192653869
0.0005198473942536072
0.0005156385302724127
0.0005119600854155017
0.0005102889250386568
0.0005069761365852734
0.0005057992880350232
0.0005035019089909297
0.0005025136784872808
0.0005003344706942906
0.0004993538650089893
0.0004958647116245591
0.0004936981572396522
0.0004924967327708284
0.0004898258579367489
0.00048673435780075566
0.00048447626929057743
0.00048285721705711534
0.00048218848325775503
0.0004778035831110384
0.00047632625308681887
0.00047311848324651644
0.0004704360791347918
0.00046853153500432687
0.0004660651894945939
0.00046374588092803755
0.00046183146504679524
0.000459332829985197
0.0004562160595735601
0.00045492495575076493
0.0004528517777007502
0.0004494928975001907
0.00044700553104089143
0.00044491014079636076
0.0004429272224426653
0.00044129924678462933
0.00043944292123638233
0.00043821495451683594
0.00043613709898050615
0.0004352271424116897
0.00043210803579582085
0.0004294693579832234
0.0004275824139709195
0.00042643698440836817
0.00042330775538991587
0.0004227649892691571
0.00042045874025141064
0.000419569636317863
0.0004165896256488138
0.0004140845402849432
0.0004118954348513991
0.00041074055083223317
0.00041014936117148704
0.00040683420731195646
0.00040508885646677365
0.00040207472699939155
0.00040078094202322505
0.00039879887239443334
0.00039601486451004166
0.0003917979623107145
0.00039074070459778755
0.0003899295831181667
0.000388230451259491
0.00038590667214806294
0.0003838267801466567
0.00038110129879943513
0.0003793362373082786
0.00037757380884501763
0.00037548695482320815
0.0003729481444390167
0.0003706452268988384
0.0003694568855449114
0.0003674715377867383
0.00036607216541953316
0.00036264624265923027
0.000361447728708768
0.00035928711647678906
0.0003581819141491036
0.00035617055505105275
0.00035483362318368346
0.00035231143555288744
0.0003493943115053889
0.0003486230862770016
0.0003470641779545443
0.000344615409527563
0.0003427469359571716
0.0003412466532743793
0.0003396718692733434
0.0003378892648169962
0.00033536468000702286
0.00033262590336999835
0.00033092388830148456
0.00032935208709017696
0.0003266733656173688
0.0003249095385410983
0.000323133684867083
0.00032150111791426014
0.00031949742102179265
0.00031612082553898936
0.0003156114987350933
0.0003140393397011026
0.00031245853158643556
0.00031171360812920436
0.00030906781279114136
0.0003078494351878069
0.00030705767197645436
0.0003044462442536743
0.00030341133946320273
0.0003021189302835659
0.0003002038531537545
0.00029769327555904327
0.00029437877322362215
0.0002933662536543513
0.0002919792038531636
0.0002901155682754163
0.00028878006944244136
0.000286464178382319
0.0002847361132825269
0.00028337725145906014
0.00028202793124237153
0.0002809042507799867
0.0002793729044880763
0.0002765362679132441
0.0002748453901755839
0.00027247350770928435
0.0002714229847923286
0.0002694435863725808
0.0002683443209512665
0.0002661848758561338
0.0002652022076741266
0.00026329254165036663
0.00026100548113294845
0.00025879958406290854
0.0002577822969538286
0.0002570856728144737
0.00025517234662579574
0.0002544336644388917
0.0002533484951239948
0.00025254030215529524
0.0002503756603317812
0.0002495857476385927
0.000247592197570222
0.0002450289763865216
0.00024369342115247142
0.00024220540265542173
0.0002411519067980583
0.00023934659518666198
0.000238553136531931
0.000236184444185508
0.00023493110001079946
0.00023305548832336395
0.0002322761986710614
0.00023135992943989234
0.00022893270542053004
0.00022655005490080412
0.0002254433146041441
0.00022517785655229273
0.00022328340734299002
0.0002218960920347122
0.0002204835770871699
0.00021912088898058847
0.00021685146202631892
0.00021569400077732005
0.00021407822952268277
0.000212883761777448
0.0002113556581268706
0.00021029638682423343
0.00020821813450626805
0.0002068370982640869
0.00020599741629955106
0.00020367816730453868
0.0002012696863424019
0.00020114499309367495
0.00019970089034211812
0.00019735194476953237
0.00019668639523555826
0.0001957060174776459
0.00019438786613547147
0.00019316305074662944
0.00019223049575080583
0.0001912494629092437
0.00018939670462146265
0.0001879129556018737
0.00018638045693067514
0.0001848255503090848
0.00018429968167660594
0.00018366417808779255
0.00018179161037493817
0.00018101773707166258
0.00017847228354273147
0.00017709826977810832
0.00017621239690176186
0.00017514875377238728
0.0001738601436230699
0.0001726150617973412
0.0001720173952162724
0.00017009722559174696
0.00016774708224240634
0.00016731983027489726
0.00016551498696694533
0.00016363449077271076
0.0001623675860057368
0.00016166774138068655
0.0001597234374646396
0.00015881356055434808
0.00015826303333838827
0.00015630745935370048
0.00015538956922815642
0.00015433730711947357
0.00015285728424028767
0.00015246296117344286
0.00015195257901708353
0.00014891829130123094
0.00014779828603021965
0.00014622190186740338
0.00014536735925128696
0.0001440470417472527
0.0001437352200443144
0.00014174171220818067
0.00014119429224145733
0.00014012188541803904
0.00013903703138427737
0.00013816801520700396
0.00013773110903660867
0.00013599577493360646
0.00013430656735674408
0.00013393890757215684
0.0001319937111222665
0.0001311611242419738
0.0001293509365938488
0.00012855002365477433
0.00012721798779606754
0.00012679994799338123
0.00012586100221393873
0.00012445608345342852
0.0001229749311952933
0.0001222710322592206
0.00012197067567373411
0.00012030672562263412
0.00011972973438191457
0.0001185902562226404
0.00011730454709412021
0.0001163305161881772
0.00011507557143613977
0.00011463003589687599
0.00011320641123575561
0.00011147841864156741
0.00011053735691664616
0.0001094077758053804
0.0001086688327541595
0.00010743635518656167
0.0001069172341720217
0.0001060489794751637
0.00010480125705858305
0.00010353944479519665
0.00010198900737865238
0.00010135187239355942
0.00010030984965593703
9.92889810557773e-5
9.857745978381198e-5
9.788595927830287e-5
9.671363563070322e-5
9.604218538982354e-5
9.497709845362715e-5
9.423196192998144e-5
9.253073850650634e-5
9.208158375333587e-5
9.1667545402469e-5
9.010500078189608e-5
8.984278525134612e-5
8.853920428868459e-5
8.80291272247127e-5
8.664739972301159e-5
8.557200359897499e-5
8.490861031217888e-5
8.3992000485913e-5
8.27038311199008e-5
8.241545114112865e-5
8.164723218403807e-5
8.08116584123979e-5
7.993958819229e-5
7.93372815463118e-5
7.890406496325208e-5
7.683645055349742e-5
7.623177926761868e-5
7.595180810639944e-5
7.423534944072505e-5
7.362131067032068e-5
7.26949660882687e-5
7.189933070383248e-5
7.097237270986469e-5
7.018645818786979e-5
6.969773560862433e-5
6.845271619680653e-5
6.792653103172154e-5
6.726130541956242e-5
6.579813773339172e-5
6.512601092771816e-5
6.463916683245038e-5
6.441408476136902e-5
6.378550357434867e-5
6.27932609520165e-5
6.181132445140936e-5
6.112050114979024e-5
6.0319230834686106e-5
5.973953838383479e-5
5.860545846771441e-5
5.7522093073615786e-5
5.643127532461023e-5
5.6068253583470756e-5
5.529015525140101e-5
5.457158563820171e-5
5.3679163508214576e-5
5.299947466477493e-5
5.262036238894428e-5
5.179165730395392e-5
5.1284389224944917e-5
5.031917475495268e-5
4.99350552093771e-5
4.9049806321935365e-5
4.803165752795438e-5
4.755335669838333e-5
4.69344717109184e-5
4.674598262361775e-5
4.59957196715556e-5
4.528016121004992e-5
4.4961094248721504e-5
4.4253671973660436e-5
4.3376852428775515e-5
4.199373995878108e-5
4.1620969845053244e-5
4.101236260896535e-5
4.045152410378159e-5
3.966812011753118e-5
3.8941465835896955e-5
3.818750175040616e-5
3.788419934123735e-5
3.750010871095538e-5
3.6809657199774655e-5
3.633856818479606e-5
3.580050972660718e-5
3.5429666041386874e-5
3.476836820042912e-5
3.452500637517896e-5
3.4070997948010846e-5
3.358380266454773e-5
3.261079056465747e-5
3.176312335453084e-5
3.143963406552231e-5
3.091651176733676e-5
3.063895976966464e-5
3.0059634750353005e-5
2.9324769688776923e-5
2.9075132284499973e-5
2.8533159582226393e-5
2.8038767977045176e-5
2.7833498591245228e-5
2.6914002044527355e-5
2.6762692245347767e-5
2.6225935617150626e-5
2.5585982797468617e-5
2.5121983032291703e-5
2.4459202077285397e-5
2.4371502537674107e-5
2.3718096424304944e-5
2.358711601121878e-5
2.2807658652681312e-5
2.2580576282514612e-5
2.1701699462373036e-5
2.151724678997981e-5
2.1247145703728567e-5
2.0839492445317422e-5
1.995342515762095e-5
1.988185228856042e-5
1.901437411116824e-5
1.873250683936585e-5
1.827166055413167e-5
1.7840997080130044e-5
1.7548786791815485e-5
1.7448857594011216e-5
1.685677135821244e-5
1.65728936565268e-5
1.5967540541423807e-5
1.575435027408748e-5
1.5221083995553162e-5
1.4755007168011366e-5
1.4524692843781047e-5
1.4223305055587998e-5
1.3796604512462347e-5
1.3306277962369385e-5
1.3035854825224467e-5
1.2887904094875574e-5
1.276133912696159e-5
1.2377051350344218e-5
1.2185246821531161e-5
1.1561174256331778e-5
1.1191709587363103e-5
1.0898800511069482e-5
1.057680489744976e-5
1.0345570530777444e-5
9.910505447785292e-6
9.760804572822272e-6
9.422432093175961e-6
8.813868383774543e-6
8.492633405249315e-6
8.196596346873529e-6
8.053436599961146e-6
7.679229599922363e-6
7.5268768196148245e-6
7.258788368009908e-6
6.9002770877018416e-6
6.711522991037439e-6
6.440713535580079e-6
6.17225896207477e-6
6.005620514855993e-6
5.775079602823337e-6
5.638362101853867e-6
5.2845435797821805e-6
5.053720356893813e-6
4.807049251787804e-6
4.7090331587193355e-6
4.5293101214750506e-6
4.35885578909563e-6
4.0922944090799855e-6
3.843507997815145e-6
3.7296414188047943e-6
3.5832848638313975e-6
3.542731027755775e-6
3.205952739489654e-6
3.0144326670789726e-6
2.9297320806749434e-6
2.65105483695955e-6
2.627258742721868e-6
2.4633588131544823e-6
2.336988875740025e-6
2.2506554742979396e-6
2.0552603618347113e-6
1.949616855757203e-6
1.8101103971115167e-6
1.7234532688378672e-6
1.574850928370825e-6
1.4819259392596701e-6
1.36993775341977e-6
1.2937427035254137e-6
1.0905956737226238e-6
9.901495999944735e-7
9.112230022721978e-7
8.562860231946674e-7
7.523786759061971e-7
6.677602374622951e-7
5.765922934783483e-7
5.184996217028839e-7
4.653493798827292e-7
4.103131429657241e-7
3.3399910463766825e-7
2.922639939669667e-7
1.9260897174707835e-7
1.6170953930753168e-7
1.2554788677445124e-7
9.665207291987177e-8
8.387792674842667e-8
5.461314102296872e-8
2.8190394784261883e-8
1.3858542442332879e-8
7.62368361863138e-9
1.1948434856280424e-9

