Numero de qubits: 20 
Layer   D  var(D)  Renyi  var(Renyi)
1  2.0  0.0  -5.1254824061038205e-16  3.678225590698503e-15
2  2.0  0.0  0.46504424500111724  0.3916134942988064
3  4.0  0.0  0.4650442450011143  0.39161349429880665
4  4.0  0.0  1.064851636930451  0.21047250564340156
5  8.0  0.0  1.064851636930451  0.21047250564339967
6  8.0  0.0  1.5885547649304292  0.23538169453591345
7  16.0  0.0  1.588554764930428  0.2353816945359211
8  16.0  0.0  2.314987335580422  0.35045015942491287
9  32.0  0.0  2.3149873355804225  0.350450159424915
10  32.0  0.0  3.033867348298093  0.4530068330475799
11  63.8  0.4  3.0338673482980942  0.45300683304757994
12  64.0  0.0  3.708614102856288  0.42148543961579893
13  126.6  1.7435595774162693  3.708614102868327  0.4214854396074396
14  128.0  0.0  4.319272569314282  0.3116894806053456
15  200.4  59.58724695771739  4.319272569314285  0.3116894806053462
16  256.0  0.0  4.995555497945458  0.308195020538959
17  356.2  82.17152791569596  4.995555497945538  0.3081950205389637
18  459.2  101.62361930181389  5.623823891988765  0.2863452609332469
19  511.6  0.8  5.623823891991252  0.2863452609357985
20  850.2  172.96057354206476  6.170289680263129  0.28169664708008185
21  850.2  172.96057354206476  6.170289680263129  0.2816966470800794
22  1014.8  6.273754856543249  6.8438775295075605  0.2721091307575583
23  1014.8  6.273754856543249  6.843877529507559  0.2721091307575587
24  1022.4  1.019803902718557  7.295106569213088  0.3020153080929257
25  1022.4  1.019803902718557  7.295106569213088  0.30201530809292576
Numero de qubits: 21 
Layer   D  var(D)  Renyi  var(Renyi)
1  2.0  0.0  -5.125482406103835e-16  3.0965719774901532e-15
2  2.0  0.0  0.317037871452866  0.36991047729219606
3  4.0  0.0  0.3170378714528631  0.3699104772921947
4  4.0  0.0  1.1786560933010595  0.3875995481156416
5  8.0  0.0  1.17865609330106  0.3875995481156405
6  8.0  0.0  2.000270676086791  0.4606331977306995
7  16.0  0.0  2.000270676086795  0.46063319773069783
8  16.0  0.0  2.642071340056361  0.2257682134151338
9  32.0  0.0  2.6420713400563614  0.22576821341513367
10  32.0  0.0  3.3267704333323875  0.3220893964205024
11  64.0  0.0  3.3267704333323893  0.32208939642050166
12  64.0  0.0  3.914402592957065  0.36806977272619174
13  128.0  0.0  3.914402592957065  0.36806977272618935
14  128.0  0.0  4.4476290770036275  0.22895300711317976
15  204.6  62.54470401241019  4.447629077014036  0.22895300712452993
16  256.0  0.0  5.126379690783125  0.3523325772327
17  349.2  115.06937038152248  5.126379690786819  0.35233257722784067
18  460.4  102.20293537858882  5.749632217339038  0.41306505786112113
19  671.0  200.35368726329943  5.749632217339956  0.4130650578608572
20  877.4  187.82821939208176  6.351831328729218  0.44821247557942107
21  918.6  203.31315746896462  6.351831328729958  0.44821247558011107
22  1023.2  1.6  6.865072873285278  0.37003678667702206
23  1023.8  0.4  6.865072873285408  0.3700367866769117
24  1024.0  0.0  7.4739624919093846  0.34811512197196837
25  1024.0  0.0  7.4739624919093846  0.3481151219719679
Numero de qubits: 22 
Layer   D  var(D)  Renyi  var(Renyi)
1  2.0  0.0  0.12520660281108725  0.10538638416573749
2  2.0  0.0  0.1252066028110847  0.10538638416573733
3  4.0  0.0  0.6274532532027772  0.2516386021559139
4  4.0  0.0  0.6274532532027793  0.25163860215591527
5  8.0  0.0  1.325699412042263  0.29691025741548527
6  8.0  0.0  1.32569941204226  0.29691025741548466
7  16.0  0.0  1.958659489868196  0.3100122398453117
8  16.0  0.0  1.9586594898681973  0.31001223984531406
9  32.0  0.0  2.523621508863524  0.342378822887223
10  32.0  0.0  2.523621508863524  0.34237882288722254
11  64.0  0.0  3.27512325053724  0.35061169551090676
12  64.0  0.0  3.2751232505372387  0.3506116955109066
13  128.0  0.0  3.977459650825341  0.3446622099816398
14  128.0  0.0  3.977459650825339  0.34466220998164265
15  246.4  12.175385004179539  4.750410991608919  0.38665045967881245
16  255.8  0.4  4.750410991636775  0.3866504596812417
17  472.2  48.54029254135166  5.313826826694589  0.4030150576950186
18  509.0  6.0  5.31382682669479  0.40301505769504614
19  851.6  196.4175144939982  6.089161266985505  0.3434317010695185
20  984.0  33.81715540964378  6.089161266991132  0.34343170107250753
21  1415.8  346.2059502666007  6.6859713521631985  0.4964273893964268
22  1416.4  345.5231396013876  6.68597135216532  0.49642738939714903
23  1966.8  76.69784873123888  7.356584534170407  0.4188066449161974
24  1966.8  76.69784873123888  7.356584534170405  0.4188066449161977
25  2039.2  5.775811631277461  7.974437625371993  0.3864562084418165
Numero de qubits: 23 
Layer   D  var(D)  Renyi  var(Renyi)
1  2.0  0.0  0.41735337100547476  0.3761047058114725
2  2.0  0.0  0.41735337100547476  0.3761047058114771
3  4.0  0.0  0.8052102204644036  0.30085284119996153
4  4.0  0.0  0.8052102204644062  0.30085284119996275
5  8.0  0.0  1.6664817943719055  0.2246912926495927
6  8.0  0.0  1.6664817943719066  0.2246912926495905
7  16.0  0.0  2.4505456461450645  0.2674417815546779
8  16.0  0.0  2.450545646145067  0.26744178155467796
9  32.0  0.0  2.9677069828312037  0.2584888282198483
10  32.0  0.0  2.9677069828312037  0.2584888282198473
11  64.0  0.0  3.58774994002247  0.2287649301861557
12  64.0  0.0  3.5877499400501556  0.22876493018921878
13  128.0  0.0  4.363080423557079  0.24755367713311033
14  128.0  0.0  4.363080423557079  0.24755367713310844
15  256.0  0.0  5.095978488951898  0.3107907449590719
16  256.0  0.0  5.09597848898436  0.3107907449586306
17  501.6  15.512575543732254  5.793307771554458  0.32165526843065984
18  512.0  0.0  5.793307771594317  0.32165526842337394
19  815.6  247.90369097695984  6.302887570622933  0.3300100761379507
20  1021.0  3.687817782917155  6.302887570624115  0.33001007613875943
21  1566.6  443.1738259419209  7.013756426234346  0.23113724949847822
22  1611.4  480.16063978631155  7.013756426234534  0.2311372494983375
23  2042.0  8.579044235810887  7.676291988138827  0.3288023153267654
24  2044.2  5.455272678794342  7.676291988140444  0.328802315327467
25  2048.0  0.0  8.242334737194751  0.32860990193638523
Numero de qubits: 24 
Layer   D  var(D)  Renyi  var(Renyi)
1  2.0  0.0  7.68822360915581e-16  1.2423348909805755e-15
2  2.0  0.0  0.8644513473535514  0.1155821847185708
3  4.0  0.0  0.8644513473535481  0.11558218471857053
4  4.0  0.0  1.4479382048784109  0.34279636758002224
5  8.0  0.0  1.4479382048784117  0.3427963675800198
6  8.0  0.0  2.130508947777966  0.3600470616055965
7  16.0  0.0  2.130508947777963  0.360047061605595
8  16.0  0.0  2.9522583542778063  0.2430367058481018
9  32.0  0.0  2.952258354277803  0.2430367058481019
10  32.0  0.0  3.617105750435298  0.22137018909843353
11  64.0  0.0  3.6171057504353024  0.22137018909843287
12  64.0  0.0  4.148839682265295  0.17962557106955782
13  128.0  0.0  4.148839682265292  0.17962557106955773
14  128.0  0.0  4.772927028162155  0.32485635091875575
15  255.6  0.8  4.772927028173723  0.32485635092811216
16  256.0  0.0  5.368648927492792  0.3217135951416528
17  496.4  13.865064009949611  5.3686489275216305  0.3217135951520269
18  512.0  0.0  6.121597733159986  0.206507441382497
19  716.8  250.82774966099743  6.121597733219405  0.2065074414003365
20  1024.0  0.0  6.907157843059224  0.16865697669000643
21  1414.2  477.8955534423814  6.907157843059292  0.1686569766900795
22  2044.2  4.664761515876241  7.445412593580544  0.4518990940728589
23  2044.2  4.664761515876241  7.445412593585102  0.4518990940755651
24  3836.8  133.51763928410358  8.148613641845175  0.3703163349593709
25  3836.8  133.51763928410358  8.148613641845175  0.3703163349593709
