Numero de qubits: 20 
Layer   Time var(Time)
1  0.05932068305  0.16443112065356372
2  0.0108908835  0.027840878437607613
3  0.004672351200000002  0.0004703065817420165
4  0.00550166245  0.0004804235571105432
5  0.007654543250000002  0.0007116857084200775
6  0.01250421865  0.0006106841151824957
7  0.037230559  0.0032403668110385438
8  0.13472443465  0.0019780924886888423
9  0.7215866855999999  0.005831930554113658
10  2.7670538866500003  0.01692121917096389
11  8.3698921785  0.04564673450283729
12  5.31888737475  0.05931216003459777
13  8.355073216  0.17046915380753308
14  5.3292584322500005  0.09500128431194628
15  8.339284616399997  0.12326418366884942
Total= 39.47353572590001
Varianza= 0.40207773080179054

