Numero de qubits: 20 
Layer   Time var(Time)
1  0.04718298185  0.13146357594572466
2  0.0043228038  0.0003881320103947366
3  0.0058838982  0.004755029960827509
4  0.00501210615  0.0004127001626854871
5  0.00712636185  0.0008633144423276073
6  0.01861715025  0.02595771489994265
7  0.04557693780000001  0.0037112530290039857
8  0.13714903515000001  0.04343324585130944
9  0.49200151454999996  0.05246764619687696
10  1.3042762196  0.04540740770440012
11  3.07128509455  0.06958985846753296
12  2.1160165477499997  0.04608368840582839
13  3.0464005956499998  0.05556294233101752
14  2.1119058871  0.017864490096275054
15  2.9087909704999997  0.20508048463567902
Total= 15.321548104750004
Varianza= 0.3089172178726904

