Numero de qubits: 20 
Layer   Time var(Time)
1  0.061638252749999976  0.1703002565783006
2  0.0043097058999999995  0.0004912011482094582
3  0.0062912065  0.007698392737580998
4  0.005344046399999999  0.0006307359594926708
5  0.007659505949999999  0.0009027205342888503
6  0.021788164350000007  0.03042999793000794
7  0.0496030205  0.008182707403396716
8  0.1402682635  0.03792623616358049
9  0.4609815345  0.07501478361309294
10  1.2367927995499997  0.06630138736290644
11  2.7543655012  0.07158547512374848
Total= 4.7490420011
Varianza= 0.2263572704312735

Numero de qubits: 21 
Layer   Time var(Time)
1  0.0049846946  0.00018083256653667217
2  0.0047732595999999995  0.0006484189354740036
3  0.0047841552  0.0004065053910740422
4  0.0059486353499999985  0.0009938167341542543
5  0.007719392950000001  0.0006253066694325653
6  0.01760005605  0.010265580903032149
7  0.0699903801  0.048455116012452705
8  0.12940058659999998  0.00454987591620185
9  0.53386588285  0.03793063163921653
10  1.3800364618  0.006013908550708928
11  3.2944888049  0.07605633730748253
Total= 5.453592309999999
Varianza= 0.07036957001431161

Numero de qubits: 22 
Layer   Time var(Time)
1  0.0051205661  0.00021064250607175656
2  0.0071526574  0.007033392917355168
3  0.0051007649  0.00044139416614879487
4  0.005859458149999999  0.000498928003007175
5  0.008413438550000001  0.0007225649774056639
6  0.017557433650000003  0.007784968682742471
7  0.1685221464  0.05493181686686773
8  0.15404526315  0.0020480477954677528
9  0.6442785519  0.031476627945769345
10  1.9527307173000001  0.014106188988302619
11  6.141143186300001  0.06385839854123587
Total= 9.109924183799999
Varianza= 0.08072075951129903

Numero de qubits: 23 
Layer   Time var(Time)
1  0.0053879352  0.00022144033559214088
2  0.005035423650000001  0.00039135928045189823
3  0.00541677305  0.00044735588238084843
4  0.013638995949999996  0.01117455304392951
5  0.009107357850000003  0.0011527331148508432
6  0.01617133485  0.000571497943166839
7  0.11742777890000003  0.06436572247720593
8  0.1588807761  0.0040205844532704565
9  0.5983133149000001  0.07135576428343628
10  2.1234589162999997  0.05293479469807677
11  6.82142277915  0.11847964462670191
Total= 9.8742613859
Varianza= 0.18980680598718938

Numero de qubits: 24 
Layer   Time var(Time)
1  0.0056158933  0.0003031004627500758
2  0.00531632845  0.00046658367649827554
3  0.0055761648  0.00047134787191220037
4  0.006420182499999999  0.0005473139595412764
5  0.009107158399999999  0.0007959930878440717
6  0.01812963885  0.0006598040984965368
7  0.06794668255  0.0057184212748019395
8  0.18371813739999998  0.006038117960221152
9  0.63532417605  0.00652795819357538
10  2.6165239496000003  0.054210752946014525
11  9.611551061050001  0.12081656841898365
Total= 13.16522937295
Varianza= 0.12385687629984117

Numero de qubits: 25 
Layer   Time var(Time)
1  0.005973088  0.0002744171778260246
2  0.005581549449999999  0.00048566756494205734
3  0.006057938899999999  0.0007265974932119503
4  0.0067518223  0.0006038057653756794
5  0.009693713250000001  0.0005703103552029259
6  0.02294433615  0.0026183457553021006
7  0.07435685935  0.03038075889749529
8  0.20086848645000005  0.029241434745594697
9  0.8738985010500002  0.11854675469420399
10  2.6709047114999995  0.08052968935715336
11  10.3635634525  0.11010656438473534
Total= 14.2405944589
Varianza= 0.1670165622992402

Numero de qubits: 26 
Layer   Time var(Time)
1  0.006147593100000001  0.00036936108549059417
2  0.006217435699999999  0.0006321737906667043
3  0.0067141760499999995  0.0006397839258928342
4  0.007614363700000001  0.0007107437588861475
5  0.017049035500000004  0.010013192768966282
6  0.07109048850000001  0.06184470469424229
7  0.1520915741  0.07094073411107575
8  0.21941823865  0.0028089250932279443
9  1.04314364855  0.004338367987975091
10  3.1700926909  0.023618493172910968
11  13.3289104823  0.10144780017725795
Total= 18.02848972705
Varianza= 0.12256236658994835

Numero de qubits: 27 
Layer   Time var(Time)
1  0.0065850219500000005  0.00036149603281121576
2  0.013799276249999997  0.03083850623001104
3  0.00753282175  0.0013460137569605993
4  0.0075785224500000015  0.0006540455229508475
5  0.011434776749999999  0.0008059302105329515
6  0.03745895640000001  0.02133205874487584
7  0.12298903750000001  0.06653549907527688
8  0.22413653365  0.004779427954307967
9  0.9981373159499999  0.126272489448574
10  3.3308091957  0.0655842607232515
11  13.7176986734  0.06799793896685911
Total= 18.47816013175
Varianza= 0.2428762167895803

Numero de qubits: 28 
Layer   Time var(Time)
1  0.006896091949999998  0.00041245420463640264
2  0.007137595250000001  0.0007363464824392709
3  0.007424727399999999  0.0006899272841715566
4  0.008514175250000002  0.0007414846504767901
5  0.0124989437  0.000893816702547905
6  0.03509639315  0.01983093950097857
7  0.1358840798  0.057192647031121174
8  0.2401021168  0.007315321884407928
9  0.95885250965  0.12820540301391226
10  3.81773668735  0.04675614044077915
11  16.555127589250002  0.10923291288308642
Total= 21.785270909550007
Varianza= 0.2688722336234337

Numero de qubits: 29 
Layer   Time var(Time)
1  0.006914390949999999  0.0004540393376367816
2  0.006969170699999999  0.000738471022029172
3  0.007311426  0.000732178942308846
4  0.008405250649999998  0.000815286725768872
5  0.03414147155  0.05039349732340438
6  0.031288074500000006  0.018529509826332762
7  0.12247167335000002  0.05045148210028813
8  0.24929691820000005  0.010680344535212315
9  0.9912732207500001  0.1155137238451213
10  3.9129764459499987  0.04040478251272521
11  17.112364635449996  0.0897099132893275
Total= 22.483412678049994
Varianza= 0.18022867567999318

Numero de qubits: 30 
Layer   Time var(Time)
1  0.007114282750000001  0.0004990933993479453
2  0.007178999199999999  0.0009334305569985696
3  0.00720476665  0.0007502195130041122
4  0.0084993091  0.0007410202885235936
5  0.012347775799999999  0.0006098561960339996
6  0.024574098800000003  0.0024389457016633555
7  0.10476997905  0.006926112036085754
8  0.2738276176  0.0022297505124759653
9  1.4049902757499997  0.07656828069077583
10  4.45344495205  0.037414672381615895
11  19.934036866699998  0.11827007047271366
Total= 26.23798892345
Varianza= 0.10434799606155931

Numero de qubits: 31 
Layer   Time var(Time)
1  0.007426483  0.0008096263370805697
2  0.007370307949999999  0.0009312360674873733
3  0.0074386335  0.0006955725161722898
4  0.00879837975  0.0007317602511155462
5  0.012548320800000004  0.0007257686870381362
6  0.032031160399999994  0.004293549094560541
7  0.0961619357  0.007139377101445238
8  0.283233607  0.0028441367145403545
9  1.1837913762999999  0.15175175806382055
10  4.565395720000001  0.014218305091837304
11  20.571422029  0.13491176538678248
Total= 26.7756179534
Varianza= 0.25162440588753965

Numero de qubits: 32 
Layer   Time var(Time)
1  0.007686758800000001  0.0005790870245125166
2  0.0074335675  0.0007824453836634542
3  0.008108218750000002  0.0010748088149209085
4  0.00939716515  0.0007652460227121914
5  0.015848772399999995  0.0034225831892986678
6  0.028297043350000002  0.011572259565857135
7  0.10815837245  0.030008773100202623
8  0.30520018069999993  0.00751267589812428
9  1.2374772976  0.17488531665544402
10  4.976662265450001  0.048373137574804805
11  23.3515255341  0.1565972512289153
Total= 30.05579517625
Varianza= 0.2789792226454007

Numero de qubits: 33 
Layer   Time var(Time)
1  0.00805701445  0.000640266278166551
2  0.00782839315  0.0008798173224347924
3  0.008876223499999999  0.0016617752283804661
4  0.009580200650000002  0.0008853877538558051
5  0.01618672995  0.0030366632030288357
6  0.026831843249999997  0.004264584886466136
7  0.10313935705000002  0.001555350298984009
8  0.30984768819999997  0.0010963533476815522
9  1.38373616945  0.0791166125826092
10  5.09305334895  0.03138457981169786
11  23.960134206000003  0.18314872803430826
Total= 30.927271174599998
Varianza= 0.22800967490101345

