Numero de qubits: 20 
Layer   Time var(Time)
1  0.06087225624999999  0.24502091589617883
2  0.004178523349999999  0.0003688994638353755
3  0.004749976800000001  0.0006150801975341588
4  0.005560274249999999  0.0006413719330566997
5  0.007838078399999997  0.000972603514130162
6  0.013479688450000003  0.0010625798572129282
7  0.06117893925000002  0.04249994523419396
8  0.12389183325  0.003801501885684091
9  0.4738632753  0.059360212661663275
10  1.2358144093499999  0.0108564303193133
11  2.6900179229500005  0.05824972870168988
12  1.9153703022000002  0.046392427027380514
13  2.6248692545999996  0.1663026190635861
14  1.9380409820500002  0.06266747748347058
15  2.6531287473000003  0.11363691489998248
Total= 13.812854463749996
Varianza= 0.4436259937597675

