Numero de qubits: 20 
Layer   Time var(Time)
1  0.061383500299999984  0.24674475225920417
2  0.0112052848  0.027943388584812316
3  0.011909421650000002  0.011637561184157793
4  0.006001681150000002  0.0009143693209643067
5  0.008041684450000001  0.0009140435377255546
6  0.0535883765  0.05391595716730346
7  0.06324990555  0.04246192096469879
8  0.18477514964999997  0.0650510101311176
9  0.5908970586500001  0.07059381722375652
10  1.9410783851999998  0.046829774516997526
11  5.3315257699  0.07873961927579022
12  3.5194961437499996  0.05673747708707998
13  5.3393732727000005  0.06930454054973985
14  3.5112985405500003  0.06792709817408127
15  5.288204929250001  0.20155831011411826
Total= 25.92202910405001
Varianza= 0.38741744344260426

