Numero de qubits: 20 
Layer   Time var(Time)
1  0.07206572495  0.2019814152933912
2  0.00618321245  0.0059157819485126184
3  0.004408603800000001  0.00031329348924013725
4  0.005484401150000001  0.0007331241291531249
5  0.019719281800000002  0.035896202130153355
6  0.013832475499999997  0.0013367090236226992
7  0.05386566680000001  0.030021778100316043
8  0.12259520374999999  0.003967849438908672
9  0.49272877465000003  0.03404282449629353
10  1.22436906655  0.022972555041160046
11  2.6706866245999996  0.05702288710176072
12  1.88991877315  0.06017251287987399
13  2.62552983705  0.1334091325900656
14  1.9167898708999995  0.054618981414524335
15  2.5629647538  0.1558324151613032
16  1.9073648882999996  0.06670142557888882
Total= 15.588507159199997
Varianza= 0.3861388566876925

