Numero de qubits: 20 
Layer   Time var(Time)
1  0.06137687009999998  0.24716953963613614
2  0.004509669649999999  0.00042487599105565786
3  0.0047825864  0.00047487247841261556
4  0.00554873805  0.0005252381576813965
5  0.007841223900000003  0.0007697865395782068
6  0.014607758399999999  0.0010851393668036102
7  0.05001604625  0.004404538444587899
8  0.12457099909999998  0.002449495823464432
9  0.49821734815  0.03408345894616441
10  1.16221644365  0.04308045693479431
11  2.3778643117000007  0.0580157527014349
12  1.72655646075  0.05378267076883559
13  2.4054067730499993  0.07799183341198915
14  1.75212502405  0.014955936674974121
15  2.3976963174  0.10926032628277349
Total= 12.593336570600007
Varianza= 0.22803937822349374

