Numero de qubits: 20 
Layer   Time var(Time)
1  0.03299438204999999  0.12297147123221845
2  0.004283796100000001  0.00039798526969624136
3  0.004336403149999999  0.00025488950832670116
4  0.00530923835  0.0004834213647223583
5  0.00782040325  0.0007589910434891099
6  0.0151211508  0.0012634992687206273
7  0.0545357887  0.031269363345593285
8  0.1233405303  0.0016870425165361157
9  0.5049430923499999  0.008556236943943633
10  1.19337593415  0.010904907794077318
11  2.5029005867  0.06156966860888588
12  1.7799962187000002  0.03743432235634268
13  2.4875069759499993  0.08664947856608994
14  1.7759221121  0.033339081378343176
15  2.46730431535  0.1395366014028301
Total= 12.959690928000006
Varianza= 0.30379158051637617

