Numero de qubits: 20 
Layer   Time var(Time)
1  0.059538880550000006  0.2389612889943238
2  0.004191848850000001  0.00038163701245480313
3  0.00484803945  0.0010093441480393333
4  0.005870897849999999  0.0034526525385433337
5  0.0076468182  0.0008827608654368747
6  0.013145473400000001  0.0006949730655477519
7  0.048788342150000004  0.0029200268497199524
8  0.12478793484999998  0.005525928357144391
9  0.48920639130000004  0.04574573064997609
10  1.2026308937  0.01877001123615269
11  2.47161788355  0.06927470027906875
12  1.7682336775000003  0.0431242154783155
13  2.4344704950500002  0.0813507951986728
14  1.7778465767  0.01690269179814805
15  2.3888281043  0.1427391329177371
Total= 12.801652257399997
Varianza= 0.29721091399845284

