Numero de qubits: 20 
Layer   Time var(Time)
1  0.060944645250000005  0.1684822441703363
2  0.00446933465  0.0004759971608246498
3  0.004761729199999999  0.0005068679514099901
4  0.0054324262500000005  0.0004908607469761536
5  0.00834018685  0.0026656871876830045
6  0.014728765300000002  0.0022976037466825756
7  0.045318904  0.003449751642613262
8  0.12003383724999998  0.0031523371196182344
9  0.47513284135000006  0.05092213572103763
10  1.1906110514000001  0.03773535623911704
11  2.5625881111999997  0.04563946978549632
12  1.8369820693999999  0.04684288014870171
13  2.5616706546499994  0.06039491230631561
14  1.8486943825999993  0.0266729192026265
15  2.5163631364  0.11233915773518313
Total= 13.256072075749998
Varianza= 0.20871424885107265

