Numero de qubits: 20 
Layer   Time var(Time)
1  0.059506963600000004  0.16496015628396193
2  0.01042644605  0.02709941422439604
3  0.004333490650000001  0.00035993255980034284
4  0.0051594610499999995  0.00044995455788540185
5  0.007279596399999999  0.0006820212396382096
6  0.01380436595  0.001414874505733723
7  0.046019136  0.0018290361789947186
8  0.13224908035000002  0.029601482394640805
9  0.43811222120000004  0.06824621183647639
10  1.0937031609  0.05566859235577977
11  2.4029658631500004  0.03226794344300941
12  1.7932149979000005  0.015734548520469658
13  2.4694477835999997  0.10281407955760062
14  1.78565824485  0.016649126382256525
15  2.4133707756499994  0.0947627740494773
Total= 12.6752515873
Varianza= 0.3325997631339913

