Numero de qubits: 15 
Layer   Time var(Time)
1  0.05956604480000001  0.16927335436682067
2  0.0032701382499999996  0.00050854077304449
3  0.0032704425499999997  0.0005694796871124092
4  0.0035352735000000004  0.000225728009272775
5  0.005283529599999999  0.001956787317060733
6  0.009071625500000001  0.0014111208830448756
7  0.0218111518  0.0014241470335991154
8  0.04806981675  0.0019264526893074973
9  0.0681993075  0.03376034908455315
10  0.07657140985000001  0.04897402893279869
11  0.0691614924  0.03710786985313379
12  0.06577101194999999  0.028319647855819727
13  0.08484569695  0.058057305516006706
14  0.0664291186  0.03202747503690154
15  0.06068861214999999  0.0026141314938645348
Total= 0.6455446721499997
Varianza= 0.19492963662356522

Numero de qubits: 16 
Layer   Time var(Time)
1  0.0034658273500000002  7.112348368174535e-5
2  0.0032275559000000003  0.00023808448754463187
3  0.0034741092500000007  0.00044846292018759746
4  0.0040129072000000005  0.000600255795979814
5  0.0055835486  0.0006462681516257318
6  0.00976235215  0.000801967671832305
7  0.028713734549999998  0.0013567850684437263
8  0.07992531439999999  0.0018525513777341062
9  0.17973452365000003  0.001920867949060043
10  0.20167914105  0.0752673046671629
11  0.1778818749  0.0031121130626440767
12  0.1453069851  0.046448772500315975
13  0.19849446685  0.04996764059301427
14  0.13044466359999998  0.0019333488048274502
15  0.19427467969999998  0.04549941353761844
Total= 1.3659816842499999
Varianza= 0.08511748301044088

Numero de qubits: 17 
Layer   Time var(Time)
1  0.004068212600000001  0.0007797407604210776
2  0.003525812950000001  0.0003140255828282904
3  0.0038937684500000005  0.0006180981947869993
4  0.004534722299999999  0.0010223334506296415
5  0.006924451650000002  0.004876791080827344
6  0.0179797129  0.03244282185553836
7  0.0312383525  0.0018161826983223222
8  0.08845674945000001  0.0020979653563886463
9  0.2573828468  0.063838961609741
10  0.33482839594999997  0.07109069686794024
11  0.30246483105  0.058191357925180875
12  0.3178499268  0.06100711914319493
13  0.34537121325000003  0.07783442628776581
14  0.31030808185  0.058351530623066736
15  0.3147648765500001  0.06475146598900974
Total= 2.3435919550499995
Varianza= 0.08671556681209702

Numero de qubits: 18 
Layer   Time var(Time)
1  0.0042031110500000005  0.00021227275177598156
2  0.0038708784999999996  0.00030718527691321726
3  0.00407304195  0.0003244136203191036
4  0.004695272300000001  0.0005389233569638729
5  0.0063192139  0.0006207534943870956
6  0.012543569100000002  0.001651926777959601
7  0.039579951749999995  0.002312843884735368
8  0.12063586709999999  0.0019377473197272866
9  0.5376980729499999  0.0046928218089999415
10  1.0824923377500002  0.009506105858166358
11  0.7683283783999999  0.05777207474758572
12  1.0799732323500002  0.008243606330679264
13  0.6985155024  0.0728751926448423
14  1.07655777665  0.008974752746175527
15  0.7090544208  0.07046450764905914
Total= 6.14854062695
Varianza= 0.1724645284913011

Numero de qubits: 19 
Layer   Time var(Time)
1  0.00477321475  0.0008416539749961903
2  0.005351156049999999  0.004756281464830088
3  0.0042759124  0.0003421733287552377
4  0.00518294145  0.0007084017227195651
5  0.0136144773  0.029727555091719312
6  0.012663556400000001  0.000976493240493471
7  0.0401021073  0.001877174998598269
8  0.12793142144999997  0.0016701826486308455
9  0.56922415185  0.030984563493241437
10  1.3030793761000001  0.01218248412072784
11  1.8009122942000002  0.02927781984836234
12  1.77553202  0.042606848557918596
13  1.6614812784000001  0.032677087093432595
14  1.6686964852  0.03833787425987689
15  1.6725566041999997  0.04737461053087821
Total= 10.665376997049998
Varianza= 0.07242212350295776

Numero de qubits: 20 
Layer   Time var(Time)
1  0.0053572722  0.0004297512868068693
2  0.010646111099999998  0.009534872264208589
3  0.00686739155  0.004704717644434184
4  0.006187296399999999  0.0009668962093746877
5  0.0097201852  0.005566949034299618
6  0.06445920264999999  0.05909186887051866
7  0.08948725505  0.06347668882904764
8  0.18494215849999998  0.05295718807607856
9  0.74822602025  0.010171005204071954
10  2.4385240935999994  0.01058117633606817
11  6.8857989855  0.08518522560941089
12  4.4836372333  0.06625450567547606
13  6.7797871195  0.3566587791447243
14  4.45005930335  0.09765782659953925
15  6.8420534636  0.2789287239506335
Total= 33.005753091749995
Varianza= 0.5895132832728218

