0.0038641242065282936
0.0038296557365539636
0.003778322478267228
0.0037629100789383896
0.0037190341131054325
0.0036993385900219683
0.003684494486276731
0.003659462234950484
0.0036445799528000613
0.0036112455470710646
0.00359577594324415
0.0035707274748688228
0.003564818588543824
0.0035320176401616725
0.0035101625657772053
0.003501660254239858
0.003477978505191477
0.0034672189214331266
0.0034576171646632597
0.0034306249313824397
0.0034115228724834034
0.003400567821347321
0.003383640232556549
0.0033686087109729675
0.003345844126890853
0.0033423698753317064
0.003323716431533934
0.0033146252169219256
0.0033043300247530497
0.003283177138282443
0.0032790986465833613
0.003265093704566474
0.00324704107989202
0.003236231028110369
0.003224262835187678
0.0032139256343322055
0.003198355225793912
0.0031748970039997024
0.0031681431717677268
0.003151432395021484
0.003142505393003265
0.0031328806338840587
0.0031126824634967083
0.0031106301295823887
0.003093280863169459
0.0030795065787283023
0.0030754153000002757
0.0030627286113443807
0.0030435763775025783
0.003031811139114758
0.0030227839805403744
0.0030132256883910555
0.00300430904670125
0.0029917650325128648
0.002977808224104711
0.002972368596423919
0.002956244793411347
0.0029498614307473386
0.002934599283681682
0.0029246444751164467
0.0029138442588987415
0.00290459579674156
0.002892758714696937
0.0028835218089403587
0.0028740981113579878
0.0028687363458415487
0.0028587641945871595
0.002846837460189607
0.0028386459787265164
0.0028362379681520183
0.002821601793835619
0.0028167396102595694
0.0028104018627620585
0.0027961237960323656
0.0027787690334414813
0.002773049074236459
0.0027548156166395435
0.0027487292337558
0.0027454764689975606
0.00274129177700055
0.0027324942544847096
0.002719534378939972
0.002704404584242828
0.002699194138044818
0.0026914619991856683
0.002688228946515563
0.0026764843428379844
0.0026663534631313555
0.0026537258796307897
0.002648014761299418
0.002641749357170677
0.002631373440718534
0.0026203650987937964
0.0026164528830187675
0.0025983228652207754
0.0025929038032760643
0.0025898136090513114
0.0025806860320296996
0.002572933300322179
0.0025689363526129457
0.002564147563599756
0.002551869392408012
0.002540534599743611
0.0025297162799934993
0.0025253833619527082
0.002516753518844415
0.0025073758958237095
0.0024998959939154025
0.0024980841977284797
0.002479526968362615
0.0024707799677651534
0.002467923771152437
0.0024588142406296817
0.0024532279676354935
0.0024489918857115347
0.002432354495318597
0.0024271780643378626
0.002422354002073404
0.0024179683550012774
0.002405912458393478
0.0023971159955618036
0.0023919404990270852
0.0023850219932221124
0.002374848740265971
0.0023686646241326747
0.002360144764676982
0.0023530941522394763
0.002345222026216962
0.0023315074333909616
0.0023269185599369786
0.002314201874664142
0.0023085700125648
0.002302989226369294
0.002299849690246645
0.0022948579086509405
0.0022862041728512776
0.00227937117099968
0.0022723051230002264
0.0022628949603939485
0.0022558329154752517
0.0022503765232249956
0.002241353659785248
0.0022393978802303202
0.002228143862771338
0.0022238592656681614
0.0022174009508403067
0.0022056369186015043
0.0021992600748449286
0.0021958638081812317
0.0021922969163261806
0.0021869882555754575
0.0021769542669087968
0.002173480160219371
0.002165181104969506
0.002159978245443482
0.002154563055977313
0.002152526069255652
0.002137457231313342
0.002131316815051673
0.002125121735943305
0.002119811981599648
0.00210995696092731
0.002098685598119729
0.002095120068228406
0.002085401403940416
0.002081203036022068
0.002074063235715726
0.0020655191256329073
0.002057682965131664
0.0020537898885026884
0.002048755221969521
0.0020423374344203105
0.002031625942974886
0.002028556381327121
0.002021850827407791
0.002015731142715488
0.00200884410317619
0.002005655092402634
0.002000165325836547
0.0019924422675712187
0.0019887539466427935
0.0019822761741222035
0.0019775397047578666
0.0019700316294443943
0.0019598419815537926
0.0019524537155386611
0.0019468150455544256
0.0019395287514529045
0.0019345292813727928
0.0019296409921616133
0.0019187069022812788
0.0019141533306720423
0.001913074650994508
0.0019079917202553557
0.0018967188047337839
0.001891877857452193
0.0018869067456297828
0.0018803291934634387
0.0018729693956057408
0.0018658839027709056
0.0018637539853309172
0.0018607484485657713
0.0018507700832025163
0.001844746519228861
0.001839719475998791
0.0018319891800166728
0.0018283907906555667
0.0018234136314218782
0.001818124060656458
0.001812114852929025
0.0018059740287457856
0.0018032877316015727
0.001798342455636218
0.0017930170665159458
0.0017870750976684154
0.001781759397315441
0.0017777013651588496
0.0017712753282010266
0.0017627828413582895
0.0017591415985330663
0.0017533848419281355
0.0017493379584011875
0.0017450727658709453
0.0017418795449038707
0.0017336216163816674
0.0017311727713821006
0.00172535672167312
0.0017171224714111854
0.001711698928593211
0.001707364682704528
0.0017011073577725753
0.0016951174284713256
0.0016913146642373797
0.0016857790564866598
0.0016829635409281753
0.0016776797895300408
0.001672119324539578
0.0016664728496091417
0.0016598663327106493
0.001651721372685108
0.001649846263904835
0.0016469952037419236
0.0016416762616810329
0.0016361438242347244
0.0016309626342924301
0.0016293682361369433
0.0016223464173364566
0.0016148777961132134
0.001611099239417019
0.0016048543001249739
0.0016013579929333123
0.0015957321427997194
0.0015879451545583007
0.0015870891733032629
0.001578869898023172
0.0015735730317982866
0.0015720017041740248
0.0015633090127421597
0.001557657515489155
0.00155341651166391
0.0015509619109002047
0.001547108583152941
0.0015434279760815756
0.0015359622991761195
0.0015324045172577724
0.0015290837792598497
0.0015238597146848393
0.0015150462196448138
0.00151148075341782
0.0015087750408879833
0.001504248623484303
0.0014969400559973615
0.0014920374977121992
0.0014882929536203795
0.001479866859003227
0.001478953143316346
0.0014736565019580182
0.00146864785705312
0.0014661892349948256
0.0014605651552754278
0.0014579252570791573
0.0014510040848637821
0.00144783498654016
0.0014420954003870694
0.0014354646011357209
0.0014324997956121398
0.001428774768768317
0.0014217880452853564
0.0014183585597987304
0.001414944987025006
0.0014093230019768203
0.0014059458418165095
0.0014031016555775787
0.0013967963421348754
0.0013934461432550324
0.0013876778741550146
0.0013860746134910788
0.0013810256611056398
0.001378199281974402
0.0013721907112763114
0.001366918427664197
0.0013622946766552106
0.0013602424970176768
0.0013553245995711473
0.001350799777577103
0.001347226148970909
0.0013420142761236856
0.0013339936031468759
0.0013311853612073062
0.0013295992954626568
0.0013254893830244286
0.0013230407308225656
0.0013186680186457545
0.001314006732167064
0.0013086262289289871
0.001305337873675471
0.0012985038897368273
0.001294433699937544
0.001291822220905577
0.001284970808208061
0.0012780947114558866
0.0012745648587262888
0.0012694247954078408
0.001265860660881716
0.001260671239977814
0.0012581699798074196
0.0012521323533210285
0.0012476663503173853
0.0012460874516568537
0.0012398414843669372
0.0012384623729189365
0.0012324461439202313
0.001230082547883762
0.0012263273205488073
0.001222689790882503
0.0012168393878474845
0.001215936708868794
0.0012099732380008198
0.001205784370900576
0.001203390068658507
0.0011973202647362696
0.0011953753017735877
0.0011894081517069513
0.001184843487249469
0.0011836326097819946
0.0011795309682400958
0.0011754246434687603
0.001169617431833442
0.0011675379624555384
0.0011617065258506117
0.0011594684959307146
0.0011572906573819569
0.0011493315077655973
0.0011470702800233
0.0011444403300253296
0.0011380665061033986
0.0011366190345136003
0.00113063197150936
0.0011259442329943812
0.0011244858516009813
0.0011198688109863698
0.001119211542875068
0.001115767421583927
0.0011097918928847106
0.001105757501586281
0.0011019049404613806
0.0010960242580591586
0.0010921678184356285
0.0010883927632804418
0.0010856629757126498
0.001084478131991434
0.0010810251303657239
0.0010778203506208311
0.001072427415125979
0.0010698807473924971
0.0010661735285997804
0.0010616386503175543
0.0010587694159446207
0.001052111712018303
0.001050756610596385
0.0010468596978960442
0.0010432852797290003
0.0010398925015381523
0.0010354295708215394
0.0010290324153301874
0.0010278279859127393
0.001022567995446602
0.0010197750627554281
0.0010157191501073695
0.0010132782715779234
0.0010110815024868536
0.0010083785331836917
0.0010027019025680669
0.0009989220857993966
0.0009961732068133294
0.0009936762246934123
0.0009880095671511908
0.0009859750687627518
0.0009837646705856415
0.0009783215094601105
0.0009746288310952829
0.0009714218824076588
0.0009675384744680851
0.0009651677058928448
0.0009611017222351965
0.0009582295620009385
0.0009555486651944237
0.0009505987484630737
0.0009472824451520287
0.0009436955104107342
0.0009399086334914738
0.0009352453405704679
0.0009321467813994973
0.0009265560982869159
0.0009252803727209705
0.0009233332039864154
0.0009179589666694809
0.000915617291944077
0.0009133771943285569
0.0009109524998621318
0.0009053174778919463
0.0009036276462120866
0.0009019059651951066
0.0008986329383215282
0.0008941485167700955
0.0008906471429299679
0.000888599617715123
0.0008826326437641784
0.000878697484991987
0.0008777275047740112
0.0008753731762046796
0.0008732163683525784
0.0008688087186483914
0.000864692927585473
0.0008618541140034991
0.0008598456332906113
0.0008547497739397111
0.0008524301774745728
0.0008514821324821771
0.0008487097235697564
0.0008431874443982818
0.0008401372465137417
0.000834856257256567
0.0008324610808717656
0.0008288393386813714
0.0008260684948009761
0.0008237838645475226
0.0008228122655687947
0.0008199960109066867
0.0008166123134987284
0.000814172233434945
0.0008104839874049324
0.000807132290813045
0.0008055735112836232
0.0008006681412493565
0.0007975671712696257
0.0007951248857583476
0.0007921304282677768
0.0007881016047921966
0.0007860437093671783
0.0007824291032883674
0.0007788483208403041
0.0007775309343112704
0.0007748454565053761
0.0007719184942771624
0.0007648999245939794
0.000760884837169339
0.0007590877179479313
0.0007578620186206673
0.0007563821129558417
0.0007545510348784727
0.0007504545324894233
0.0007442269502488836
0.0007429003092632907
0.000739511824581682
0.0007376098526774283
0.0007340221854122607
0.0007300292490729528
0.0007282532355800732
0.0007261146649901755
0.0007231842032851828
0.0007200201705390959
0.0007173578113410269
0.0007148004934915412
0.0007114275207999558
0.0007072880079798329
0.0007054636616368984
0.0007038467795342791
0.0007006944884683238
0.000698221416445143
0.000695685899341361
0.0006913274380572657
0.0006879119459235922
0.0006860461618109755
0.0006840833127473821
0.0006808554236959034
0.0006774668591264166
0.0006739938469521394
0.0006696589635088647
0.0006675774726324346
0.000664643317670386
0.0006617152866687367
0.0006582083285304434
0.0006551343543690851
0.0006544539025888762
0.0006520354308086839
0.0006492195633404282
0.0006464945082307285
0.0006437099117815336
0.0006403072550786845
0.0006393045962511605
0.00063602253614097
0.0006323782211558902
0.0006309322091814067
0.0006279509341882499
0.0006264064497466952
0.0006235206450206143
0.0006193996186179106
0.0006164161597157919
0.000615974569080326
0.0006134224711127665
0.0006105474588667772
0.0006093148679354145
0.0006048700868121549
0.0006032857606437314
0.0006000048066635149
0.000596520185524334
0.0005945257942513169
0.0005923081235596142
0.0005885728243338563
0.0005870116586001389
0.0005842869894890398
0.0005820118431434478
0.0005801006308684145
0.0005781824322572272
0.000575061017816273
0.0005729748321206236
0.0005701790239369982
0.0005666299952331165
0.0005643508333151421
0.0005616146937830271
0.0005600687433080856
0.0005577182658413105
0.0005552848916697855
0.0005526904230273474
0.0005501276564155097
0.0005473608858520043
0.0005459480090998392
0.0005440025375290784
0.0005412509921400692
0.000539375931939347
0.0005344246556254614
0.0005326221269216201
0.0005308828440713193
0.0005274573000408981
0.000525527609789326
0.0005216081760163911
0.0005208534648190522
0.0005178938144895903
0.0005159743569494316
0.000514653462343758
0.000512312336178976
0.0005096512357590109
0.0005077160921739565
0.0005058735238756126
0.0005035592183478015
0.000500275074264005
0.0004981997159337946
0.0004971465649997761
0.000495571395186115
0.000492460011604955
0.0004901831525628936
0.0004872725139588698
0.00048623270303713
0.00048492399376870557
0.0004814876505182294
0.00047927060884962394
0.0004756777570544711
0.000474076450098829
0.0004727110419151583
0.0004707840254551228
0.0004683884767603242
0.00046660605351462025
0.0004643626878343155
0.0004627395910459552
0.00045999369504818184
0.00045709742552635504
0.0004539536449902698
0.0004526473482714664
0.00045076211148725563
0.0004500192219186944
0.0004476761721219316
0.0004436448202191667
0.00044119812274020663
0.00044045754378285035
0.000438444528305191
0.0004364852331227201
0.00043288554796374083
0.00043215763106625325
0.0004289117339211536
0.00042806292949381394
0.000425735215236461
0.00042275976402945633
0.00042019031460975527
0.0004174301207633897
0.00041518497688954574
0.0004126707588698245
0.0004105434661311005
0.0004097701127673624
0.0004065009038216607
0.0004057403438688669
0.00040373416571158816
0.00040112576750693854
0.0003992616384230558
0.0003972697319510693
0.0003942527036536757
0.0003910943370328591
0.0003898421350529732
0.0003886801635862676
0.0003856309414649965
0.0003850430147140929
0.0003833843880766831
0.00038224511136331605
0.0003799688086536914
0.0003778845847635211
0.0003753442152944269
0.0003732456406258034
0.0003718120684195803
0.00036890567692697497
0.00036757818311042946
0.00036600528817132727
0.00036388794862074925
0.00036280043908464303
0.000360130454448858
0.0003593148497490341
0.0003578725792271174
0.0003561387822546808
0.0003538531915714938
0.0003517920349821547
0.0003500420941872891
0.00034748588613442536
0.00034545774089948626
0.00034418544804566947
0.0003430912079660605
0.00034047577942893895
0.0003386149626257215
0.0003369580040680437
0.0003343224354593331
0.000333268751980134
0.00033177276726290613
0.00032846451904140734
0.0003258287463046105
0.0003248203275526082
0.00032440034545987416
0.0003214538824243397
0.00032056695614690866
0.0003185202293390847
0.00031588898614095536
0.00031475386350594196
0.0003117048939025409
0.0003107859798174443
0.0003083850798491639
0.0003072063793993912
0.000306247738219461
0.0003025146217835272
0.00030149855637543686
0.00029881959813305727
0.00029846748667512464
0.0002962158545205372
0.00029467427448708717
0.00029377316901124407
0.0002912261040434286
0.0002902174522442997
0.0002875575043376095
0.00028635319558103703
0.0002848425805447218
0.00028264564621432526
0.00028111341003335676
0.0002798076650925278
0.0002785542290082914
0.00027562365067676216
0.0002748291813313781
0.0002731683653737984
0.0002713494209421446
0.00026954938408770045
0.000267941846476656
0.00026549876027197046
0.0002650157474128195
0.00026382326602866996
0.00025944738470676373
0.00025862684724533983
0.0002577293261424239
0.0002562548999762077
0.00025361262895561574
0.0002522775929254808
0.00025094642395900104
0.00024990536421609487
0.0002485786655944422
0.0002470604616569272
0.0002461068624055265
0.0002429544925248627
0.00024193662244828456
0.00024070809456145352
0.00024002074219625042
0.00023805500369882086
0.00023715400366077256
0.00023539311567762023
0.00023473064066937605
0.0002329029980488495
0.00023176102057461399
0.0002286069957060055
0.0002267929712041415
0.00022548319368240823
0.00022413435921541706
0.00022282778098011515
0.0002210132442859152
0.0002198819715241671
0.00021935876428124987
0.00021814743674802975
0.00021646981144500532
0.00021602138998011382
0.00021444307941526075
0.00021195330328057543
0.00021017623344845017
0.0002092724685574896
0.0002084119931083146
0.0002065951295562071
0.00020518327881052396
0.00020297128272580921
0.0002017096727344672
0.00020005790823411965
0.00019818572496709674
0.00019686129457655079
0.0001957837414067044
0.00019464690060897477
0.00019389547554748214
0.0001923337721352957
0.0001900065714164384
0.00018906832653223636
0.0001873502871668129
0.00018566974374957952
0.00018515631838046464
0.00018334213648092259
0.00018308096220223032
0.0001819908799202943
0.00017969245370988535
0.000178228078136681
0.00017690114973396002
0.00017649183395079278
0.00017485512879517723
0.00017401527410771997
0.00017170009092367782
0.00017154144511299417
0.00017028227260974723
0.0001687870539637405
0.0001683117486962459
0.0001667525274688348
0.00016538852764854002
0.0001635502268284571
0.0001624715671074441
0.0001611079277280186
0.00016041917388669343
0.00015837300203432815
0.00015778853885077925
0.00015637196020014876
0.0001549619397679862
0.00015349176709011388
0.0001525748719996374
0.00015162509318062054
0.00015013440565050964
0.00014932689366610878
0.00014803221484582986
0.00014702092118348565
0.00014620600419052885
0.0001448975248766181
0.0001434150770707748
0.00014168167396923117
0.00014113471197095247
0.00013962752681074466
0.00013865875625792615
0.00013810500021758644
0.00013662802692007827
0.00013576185620407845
0.00013451941169697888
0.00013294958609137274
0.00013145246519451607
0.00013071295030041586
0.00012979131725576195
0.00012865299708838908
0.00012725585869723447
0.00012687943400956786
0.00012564978891204314
0.00012385310122185725
0.00012280195404352435
0.00012196865722989453
0.00012036823028802392
0.00011881920181943858
0.00011852045802355105
0.00011773906222168324
0.00011651142442145701
0.00011484508284655858
0.00011454887912809092
0.00011308129535320352
0.00011213315537074567
0.00011081605340726006
0.00011012708294669609
0.00010852245470528847
0.00010753066718377708
0.00010667374167668991
0.0001059734290412514
0.00010517959144329517
0.00010415813506534326
0.0001036282410212677
0.00010285980328191951
0.00010068424257689736
9.971311506390296e-5
9.864822012696584e-5
9.791109610362422e-5
9.62344986956434e-5
9.540415458778964e-5
9.476001617933204e-5
9.447105176583558e-5
9.321258299067113e-5
9.259329021653957e-5
9.124629985577224e-5
9.061446421307939e-5
8.996290951095525e-5
8.901498837377388e-5
8.813032936265797e-5
8.647922633423747e-5
8.583017054201058e-5
8.529682437878273e-5
8.440929161464733e-5
8.385007255187834e-5
8.260163748287716e-5
8.160388233830158e-5
8.091994410799469e-5
7.984565598893019e-5
7.930239007596065e-5
7.767723237167034e-5
7.723001264817621e-5
7.63345274721431e-5
7.517142864937071e-5
7.463464515279932e-5
7.35964798413509e-5
7.261320591750443e-5
7.197804638339548e-5
7.140726864893046e-5
7.114942174776827e-5
6.952750329642198e-5
6.868522198445595e-5
6.829697853706076e-5
6.732767407751291e-5
6.613734140399819e-5
6.597047545149766e-5
6.457594499590446e-5
6.407306412086057e-5
6.294135244913558e-5
6.264179793408704e-5
6.219498226888469e-5
6.167388422509098e-5
6.089696811379274e-5
5.994544846411001e-5
5.923744261332212e-5
5.866165974178619e-5
5.745974565623419e-5
5.689046687641615e-5
5.5981184335438716e-5
5.5566064341822766e-5
5.464763625185471e-5
5.443521997515163e-5
5.359154598804768e-5
5.2865809684564e-5
5.2122676259676614e-5
5.1772310483988303e-5
5.1006944635754614e-5
5.043319058030796e-5
4.9527137690046405e-5
4.929605576991842e-5
4.861887516308351e-5
4.809066034220969e-5
4.694548646678257e-5
4.6313051688774085e-5
4.5816222498088296e-5
4.5135516171279155e-5
4.405738454266893e-5
4.305574104214869e-5
4.2908112227866245e-5
4.152613668305168e-5
4.091857375902025e-5
4.05889030153887e-5
4.0221797951578456e-5
3.98433480063287e-5
3.938395210513262e-5
3.848047047896926e-5
3.762720844924282e-5
3.7017451261426015e-5
3.6240612599569886e-5
3.560584173419941e-5
3.5264892099456515e-5
3.474447883139816e-5
3.4342343346961394e-5
3.388337447112345e-5
3.3479008711921784e-5
3.241471844387929e-5
3.207032308025481e-5
3.144818084446496e-5
3.120471754135897e-5
3.06473566002125e-5
3.03388311804111e-5
2.9390488463882e-5
2.826982985795125e-5
2.8196540395506324e-5
2.77706134069044e-5
2.7357067926980215e-5
2.7169228055013435e-5
2.5960428111228392e-5
2.5543145907523916e-5
2.5330946288466517e-5
2.4639755260653296e-5
2.4062782816547195e-5
2.3810316142386735e-5
2.340001837407715e-5
2.2822736159362547e-5
2.255186559396928e-5
2.207533007474457e-5
2.137031914503269e-5
2.080649135815068e-5
2.042730128290226e-5
2.019566018886123e-5
1.980366892090897e-5
1.9276394706792952e-5
1.8941257473565943e-5
1.8541937693481172e-5
1.8303239476568673e-5
1.7917875082079924e-5
1.7631241795758743e-5
1.674757640426097e-5
1.643199634675118e-5
1.632812321175832e-5
1.5947185207239974e-5
1.559912275782957e-5
1.5455864130946276e-5
1.4954245659396865e-5
1.4369570844325476e-5
1.4273129354039374e-5
1.3648624948801322e-5
1.3108349802620198e-5
1.2918693156989874e-5
1.269376877746617e-5
1.2085571312618198e-5
1.1753524561052223e-5
1.1476911086774226e-5
1.131432949465753e-5
1.1181591836184925e-5
1.0829838753477245e-5
1.0542394119649126e-5
1.003462128262326e-5
9.854620583372397e-6
9.359345247619176e-6
9.145546834205917e-6
8.739243921135145e-6
8.572773689898559e-6
8.270877080868095e-6
8.100897288098219e-6
7.795243980136298e-6
7.417556825239403e-6
7.196805557169301e-6
7.032961461791215e-6
6.596461048696811e-6
6.3953445705737125e-6
6.1736798572606235e-6
5.9746581767299735e-6
5.669123485742915e-6
5.4338833862928365e-6
5.287553964325912e-6
5.150301234555411e-6
4.8520036194046175e-6
4.753379197373624e-6
4.533480101269832e-6
4.196398566937047e-6
4.0585096912762444e-6
3.940854628928701e-6
3.8022362301429628e-6
3.6046334368453168e-6
3.3657278112736336e-6
3.2097379363501324e-6
2.9887322281695077e-6
2.7850407845266344e-6
2.5338293183024255e-6
2.3837065409206856e-6
2.3189373656685723e-6
2.1990488491274536e-6
2.0721577118264346e-6
1.8738532014527983e-6
1.7813367968283456e-6
1.6286299970958948e-6
1.5909738481308544e-6
1.3988788602707537e-6
1.322662408111192e-6
1.16602483183553e-6
1.0455951798540722e-6
9.584594794359262e-7
9.074567448297292e-7
7.74089377062736e-7
7.172293948216149e-7
6.227617854885143e-7
5.563829111265435e-7
4.970104457961125e-7
4.6845041436603233e-7
3.857531093549879e-7
3.4973241815579417e-7
2.9791444981401967e-7
2.3740175358891252e-7
2.1446862595051219e-7
1.5111851761172996e-7
1.3186674224762732e-7
9.73893979313035e-8
5.1450090423855925e-8
4.418392255846754e-8
3.5698382371994036e-8
2.8690302347306366e-8
7.417619175420681e-9
3.962425459377109e-10

